trip_id,trip_headsign,route_id,service_id,shape_id,direction_id
1655712,,88177,1,88177,0
1655711,,88177,1,88177,0
1655696,,88177,1,88177,0
1655795,,88177,1,88177,0
1655794,,88177,1,88177,0
1655793,,88177,1,88177,0
1655792,,88177,1,88177,0
1655791,,88177,1,88177,0
1655790,,88177,1,88177,0
1655789,,88177,1,88177,0
1655788,,88177,1,88177,0
1655787,,88177,1,88177,0
1655786,,88177,1,88177,0
1655785,,88177,1,88177,0
1655784,,88177,1,88177,0
1655783,,88177,1,88177,0
1655713,,88177,1,88177,0
1655714,,88177,1,88177,0
1655715,,88177,1,88177,0
1655716,,88177,1,88177,0
1655717,,88177,1,88177,0
1655718,,88177,1,88177,0
1655719,,88177,1,88177,0
1655720,,88177,1,88177,0
1655721,,88177,1,88177,0
1655722,,88177,1,88177,0
1655723,,88177,1,88177,0
1655724,,88177,1,88177,0
1655725,,88177,1,88177,0
1655726,,88177,1,88177,0
1655727,,88177,1,88177,0
1655728,,88177,1,88177,0
1655729,,88177,1,88177,0
1655730,,88177,1,88177,0
1655731,,88177,1,88177,0
1655732,,88177,1,88177,0
1655733,,88177,1,88177,0
1655734,,88177,1,88177,0
1655735,,88177,1,88177,0
1655736,,88177,1,88177,0
1655737,,88177,1,88177,0
1655753,,88177,1,88177,0
1655752,,88177,1,88177,0
1655751,,88177,1,88177,0
1655750,,88177,1,88177,0
1655749,,88177,1,88177,0
1655748,,88177,1,88177,0
1655747,,88177,1,88177,0
1655746,,88177,1,88177,0
1655745,,88177,1,88177,0
1655744,,88177,1,88177,0
1655743,,88177,1,88177,0
1655742,,88177,1,88177,0
1655741,,88177,1,88177,0
1655740,,88177,1,88177,0
1655739,,88177,1,88177,0
1655738,,88177,1,88177,0
1655782,,88177,1,88177,0
1655781,,88177,1,88177,0
1655780,,88177,1,88177,0
1655779,,88177,1,88177,0
1655778,,88177,1,88177,0
1655777,,88177,1,88177,0
1655776,,88177,1,88177,0
1655775,,88177,1,88177,0
1655774,,88177,1,88177,0
1655773,,88177,1,88177,0
1655772,,88177,1,88177,0
1655771,,88177,1,88177,0
1655770,,88177,1,88177,0
1655769,,88177,1,88177,0
1655768,,88177,1,88177,0
1655767,,88177,1,88177,0
1655766,,88177,1,88177,0
1655765,,88177,1,88177,0
1655764,,88177,1,88177,0
1655763,,88177,1,88177,0
1655762,,88177,1,88177,0
1655761,,88177,1,88177,0
1655760,,88177,1,88177,0
1655759,,88177,1,88177,0
1655758,,88177,1,88177,0
1655757,,88177,1,88177,0
1655756,,88177,1,88177,0
1655710,,88177,1,88177,0
1655709,,88177,1,88177,0
1655708,,88177,1,88177,0
1655707,,88177,1,88177,0
1655706,,88177,1,88177,0
1655705,,88177,1,88177,0
1655704,,88177,1,88177,0
1655703,,88177,1,88177,0
1655702,,88177,1,88177,0
1655701,,88177,1,88177,0
1655700,,88177,1,88177,0
1655699,,88177,1,88177,0
1655698,,88177,1,88177,0
1655697,,88177,1,88177,0
1655754,,88177,1,88177,0
1655755,,88177,1,88177,0
1655630,,88178,1,88178,1
1655629,,88178,1,88178,1
1655628,,88178,1,88178,1
1655590,,88178,1,88178,1
1655692,,88178,1,88178,1
1655691,,88178,1,88178,1
1655690,,88178,1,88178,1
1655689,,88178,1,88178,1
1655688,,88178,1,88178,1
1655687,,88178,1,88178,1
1655686,,88178,1,88178,1
1655685,,88178,1,88178,1
1655684,,88178,1,88178,1
1655683,,88178,1,88178,1
1655682,,88178,1,88178,1
1655681,,88178,1,88178,1
1655680,,88178,1,88178,1
1655679,,88178,1,88178,1
1655678,,88178,1,88178,1
1655677,,88178,1,88178,1
1655676,,88178,1,88178,1
1655675,,88178,1,88178,1
1655674,,88178,1,88178,1
1655673,,88178,1,88178,1
1655672,,88178,1,88178,1
1655671,,88178,1,88178,1
1655670,,88178,1,88178,1
1655669,,88178,1,88178,1
1655668,,88178,1,88178,1
1655667,,88178,1,88178,1
1655666,,88178,1,88178,1
1655665,,88178,1,88178,1
1655664,,88178,1,88178,1
1655663,,88178,1,88178,1
1655662,,88178,1,88178,1
1655661,,88178,1,88178,1
1655660,,88178,1,88178,1
1655659,,88178,1,88178,1
1655658,,88178,1,88178,1
1655657,,88178,1,88178,1
1655656,,88178,1,88178,1
1655655,,88178,1,88178,1
1655654,,88178,1,88178,1
1655653,,88178,1,88178,1
1655652,,88178,1,88178,1
1655651,,88178,1,88178,1
1655650,,88178,1,88178,1
1655649,,88178,1,88178,1
1655648,,88178,1,88178,1
1655647,,88178,1,88178,1
1655646,,88178,1,88178,1
1655645,,88178,1,88178,1
1655644,,88178,1,88178,1
1655643,,88178,1,88178,1
1655642,,88178,1,88178,1
1655641,,88178,1,88178,1
1655640,,88178,1,88178,1
1655639,,88178,1,88178,1
1655638,,88178,1,88178,1
1655637,,88178,1,88178,1
1655636,,88178,1,88178,1
1655635,,88178,1,88178,1
1655634,,88178,1,88178,1
1655633,,88178,1,88178,1
1655632,,88178,1,88178,1
1655631,,88178,1,88178,1
1655627,,88178,1,88178,1
1655626,,88178,1,88178,1
1655625,,88178,1,88178,1
1655624,,88178,1,88178,1
1655623,,88178,1,88178,1
1655622,,88178,1,88178,1
1655621,,88178,1,88178,1
1655620,,88178,1,88178,1
1655619,,88178,1,88178,1
1655618,,88178,1,88178,1
1655617,,88178,1,88178,1
1655616,,88178,1,88178,1
1655615,,88178,1,88178,1
1655614,,88178,1,88178,1
1655613,,88178,1,88178,1
1655612,,88178,1,88178,1
1655611,,88178,1,88178,1
1655610,,88178,1,88178,1
1655609,,88178,1,88178,1
1655608,,88178,1,88178,1
1655607,,88178,1,88178,1
1655606,,88178,1,88178,1
1655605,,88178,1,88178,1
1655604,,88178,1,88178,1
1655603,,88178,1,88178,1
1655602,,88178,1,88178,1
1655601,,88178,1,88178,1
1655600,,88178,1,88178,1
1655599,,88178,1,88178,1
1655598,,88178,1,88178,1
1655597,,88178,1,88178,1
1655596,,88178,1,88178,1
1655595,,88178,1,88178,1
1655594,,88178,1,88178,1
1655593,,88178,1,88178,1
1655592,,88178,1,88178,1
1655591,,88178,1,88178,1
1655562,,89311,1,89311,0
1655581,,89311,1,89311,0
1655580,,89311,1,89311,0
1655579,,89311,1,89311,0
1655578,,89311,1,89311,0
1655577,,89311,1,89311,0
1655576,,89311,1,89311,0
1655575,,89311,1,89311,0
1655574,,89311,1,89311,0
1655573,,89311,1,89311,0
1655572,,89311,1,89311,0
1655571,,89311,1,89311,0
1655570,,89311,1,89311,0
1655569,,89311,1,89311,0
1655568,,89311,1,89311,0
1655567,,89311,1,89311,0
1655566,,89311,1,89311,0
1655565,,89311,1,89311,0
1655564,,89311,1,89311,0
1655563,,89311,1,89311,0
1655583,,89311,1,89311,0
1655561,,89311,1,89311,0
1655560,,89311,1,89311,0
1655559,,89311,1,89311,0
1655558,,89311,1,89311,0
1655557,,89311,1,89311,0
1655556,,89311,1,89311,0
1655555,,89311,1,89311,0
1655554,,89311,1,89311,0
1655553,,89311,1,89311,0
1655552,,89311,1,89311,0
1655582,,89311,1,89311,0
1655520,,89312,1,89312,1
1655521,,89312,1,89312,1
1655522,,89312,1,89312,1
1655523,,89312,1,89312,1
1655524,,89312,1,89312,1
1655525,,89312,1,89312,1
1655526,,89312,1,89312,1
1655527,,89312,1,89312,1
1655528,,89312,1,89312,1
1655529,,89312,1,89312,1
1655518,,89312,1,89312,1
1655548,,89312,1,89312,1
1655547,,89312,1,89312,1
1655546,,89312,1,89312,1
1655545,,89312,1,89312,1
1655544,,89312,1,89312,1
1655543,,89312,1,89312,1
1655542,,89312,1,89312,1
1655541,,89312,1,89312,1
1655540,,89312,1,89312,1
1655539,,89312,1,89312,1
1655538,,89312,1,89312,1
1655537,,89312,1,89312,1
1655536,,89312,1,89312,1
1655535,,89312,1,89312,1
1655534,,89312,1,89312,1
1655533,,89312,1,89312,1
1655530,,89312,1,89312,1
1655532,,89312,1,89312,1
1655531,,89312,1,89312,1
1657140,,89403,1,89403,0
1657138,,89403,1,89403,0
1657137,,89403,1,89403,0
1657139,,89403,1,89403,0
1657170,,89403,1,89403,0
1657171,,89403,1,89403,0
1657172,,89403,1,89403,0
1657173,,89403,1,89403,0
1657174,,89403,1,89403,0
1657175,,89403,1,89403,0
1657176,,89403,1,89403,0
1657177,,89403,1,89403,0
1657178,,89403,1,89403,0
1657179,,89403,1,89403,0
1657180,,89403,1,89403,0
1657181,,89403,1,89403,0
1657182,,89403,1,89403,0
1657183,,89403,1,89403,0
1657184,,89403,1,89403,0
1657185,,89403,1,89403,0
1657186,,89403,1,89403,0
1657187,,89403,1,89403,0
1657188,,89403,1,89403,0
1657189,,89403,1,89403,0
1657190,,89403,1,89403,0
1657191,,89403,1,89403,0
1657192,,89403,1,89403,0
1657193,,89403,1,89403,0
1657194,,89403,1,89403,0
1657195,,89403,1,89403,0
1657196,,89403,1,89403,0
1657197,,89403,1,89403,0
1657198,,89403,1,89403,0
1657199,,89403,1,89403,0
1657200,,89403,1,89403,0
1657201,,89403,1,89403,0
1657136,,89403,1,89403,0
1657168,,89403,1,89403,0
1657167,,89403,1,89403,0
1657166,,89403,1,89403,0
1657165,,89403,1,89403,0
1657164,,89403,1,89403,0
1657163,,89403,1,89403,0
1657162,,89403,1,89403,0
1657161,,89403,1,89403,0
1657160,,89403,1,89403,0
1657159,,89403,1,89403,0
1657158,,89403,1,89403,0
1657157,,89403,1,89403,0
1657156,,89403,1,89403,0
1657155,,89403,1,89403,0
1657154,,89403,1,89403,0
1657153,,89403,1,89403,0
1657152,,89403,1,89403,0
1657151,,89403,1,89403,0
1657150,,89403,1,89403,0
1657149,,89403,1,89403,0
1657148,,89403,1,89403,0
1657147,,89403,1,89403,0
1657146,,89403,1,89403,0
1657145,,89403,1,89403,0
1657144,,89403,1,89403,0
1657143,,89403,1,89403,0
1657142,,89403,1,89403,0
1657141,,89403,1,89403,0
1657169,,89403,1,89403,0
1657214,,89404,1,89404,1
1657213,,89404,1,89404,1
1657212,,89404,1,89404,1
1657211,,89404,1,89404,1
1657210,,89404,1,89404,1
1657209,,89404,1,89404,1
1657208,,89404,1,89404,1
1657207,,89404,1,89404,1
1657206,,89404,1,89404,1
1657205,,89404,1,89404,1
1657204,,89404,1,89404,1
1657269,,89404,1,89404,1
1657268,,89404,1,89404,1
1657267,,89404,1,89404,1
1657266,,89404,1,89404,1
1657265,,89404,1,89404,1
1657264,,89404,1,89404,1
1657263,,89404,1,89404,1
1657262,,89404,1,89404,1
1657261,,89404,1,89404,1
1657260,,89404,1,89404,1
1657259,,89404,1,89404,1
1657258,,89404,1,89404,1
1657257,,89404,1,89404,1
1657256,,89404,1,89404,1
1657255,,89404,1,89404,1
1657254,,89404,1,89404,1
1657253,,89404,1,89404,1
1657252,,89404,1,89404,1
1657251,,89404,1,89404,1
1657250,,89404,1,89404,1
1657249,,89404,1,89404,1
1657248,,89404,1,89404,1
1657247,,89404,1,89404,1
1657246,,89404,1,89404,1
1657245,,89404,1,89404,1
1657244,,89404,1,89404,1
1657243,,89404,1,89404,1
1657242,,89404,1,89404,1
1657241,,89404,1,89404,1
1657240,,89404,1,89404,1
1657239,,89404,1,89404,1
1657215,,89404,1,89404,1
1657216,,89404,1,89404,1
1657217,,89404,1,89404,1
1657218,,89404,1,89404,1
1657219,,89404,1,89404,1
1657220,,89404,1,89404,1
1657221,,89404,1,89404,1
1657222,,89404,1,89404,1
1657223,,89404,1,89404,1
1657224,,89404,1,89404,1
1657225,,89404,1,89404,1
1657226,,89404,1,89404,1
1657227,,89404,1,89404,1
1657228,,89404,1,89404,1
1657229,,89404,1,89404,1
1657230,,89404,1,89404,1
1657231,,89404,1,89404,1
1657232,,89404,1,89404,1
1657233,,89404,1,89404,1
1657237,,89404,1,89404,1
1657234,,89404,1,89404,1
1657235,,89404,1,89404,1
1657236,,89404,1,89404,1
1657238,,89404,1,89404,1
1656139,,89405,1,89405,0
1656138,,89405,1,89405,0
1656134,,89405,1,89405,0
1656233,,89405,1,89405,0
1656232,,89405,1,89405,0
1656231,,89405,1,89405,0
1656230,,89405,1,89405,0
1656229,,89405,1,89405,0
1656228,,89405,1,89405,0
1656227,,89405,1,89405,0
1656226,,89405,1,89405,0
1656225,,89405,1,89405,0
1656224,,89405,1,89405,0
1656223,,89405,1,89405,0
1656222,,89405,1,89405,0
1656221,,89405,1,89405,0
1656220,,89405,1,89405,0
1656219,,89405,1,89405,0
1656218,,89405,1,89405,0
1656217,,89405,1,89405,0
1656216,,89405,1,89405,0
1656215,,89405,1,89405,0
1656214,,89405,1,89405,0
1656213,,89405,1,89405,0
1656212,,89405,1,89405,0
1656211,,89405,1,89405,0
1656210,,89405,1,89405,0
1656209,,89405,1,89405,0
1656208,,89405,1,89405,0
1656207,,89405,1,89405,0
1656206,,89405,1,89405,0
1656205,,89405,1,89405,0
1656204,,89405,1,89405,0
1656203,,89405,1,89405,0
1656202,,89405,1,89405,0
1656201,,89405,1,89405,0
1656200,,89405,1,89405,0
1656199,,89405,1,89405,0
1656198,,89405,1,89405,0
1656197,,89405,1,89405,0
1656196,,89405,1,89405,0
1656195,,89405,1,89405,0
1656194,,89405,1,89405,0
1656193,,89405,1,89405,0
1656136,,89405,1,89405,0
1656135,,89405,1,89405,0
1656192,,89405,1,89405,0
1656191,,89405,1,89405,0
1656190,,89405,1,89405,0
1656189,,89405,1,89405,0
1656188,,89405,1,89405,0
1656187,,89405,1,89405,0
1656186,,89405,1,89405,0
1656185,,89405,1,89405,0
1656184,,89405,1,89405,0
1656183,,89405,1,89405,0
1656182,,89405,1,89405,0
1656181,,89405,1,89405,0
1656180,,89405,1,89405,0
1656179,,89405,1,89405,0
1656178,,89405,1,89405,0
1656177,,89405,1,89405,0
1656176,,89405,1,89405,0
1656175,,89405,1,89405,0
1656174,,89405,1,89405,0
1656173,,89405,1,89405,0
1656172,,89405,1,89405,0
1656171,,89405,1,89405,0
1656170,,89405,1,89405,0
1656169,,89405,1,89405,0
1656168,,89405,1,89405,0
1656167,,89405,1,89405,0
1656166,,89405,1,89405,0
1656165,,89405,1,89405,0
1656164,,89405,1,89405,0
1656163,,89405,1,89405,0
1656162,,89405,1,89405,0
1656161,,89405,1,89405,0
1656160,,89405,1,89405,0
1656159,,89405,1,89405,0
1656158,,89405,1,89405,0
1656157,,89405,1,89405,0
1656156,,89405,1,89405,0
1656155,,89405,1,89405,0
1656154,,89405,1,89405,0
1656153,,89405,1,89405,0
1656152,,89405,1,89405,0
1656151,,89405,1,89405,0
1656150,,89405,1,89405,0
1656149,,89405,1,89405,0
1656148,,89405,1,89405,0
1656147,,89405,1,89405,0
1656146,,89405,1,89405,0
1656145,,89405,1,89405,0
1656144,,89405,1,89405,0
1656143,,89405,1,89405,0
1656142,,89405,1,89405,0
1656141,,89405,1,89405,0
1656140,,89405,1,89405,0
1656137,,89405,1,89405,0
1656248,,89407,1,89407,1
1656247,,89407,1,89407,1
1656246,,89407,1,89407,1
1656245,,89407,1,89407,1
1656256,,89407,1,89407,1
1656255,,89407,1,89407,1
1656254,,89407,1,89407,1
1656253,,89407,1,89407,1
1656234,,89407,1,89407,1
1656336,,89407,1,89407,1
1656335,,89407,1,89407,1
1656334,,89407,1,89407,1
1656333,,89407,1,89407,1
1656332,,89407,1,89407,1
1656331,,89407,1,89407,1
1656330,,89407,1,89407,1
1656329,,89407,1,89407,1
1656328,,89407,1,89407,1
1656327,,89407,1,89407,1
1656326,,89407,1,89407,1
1656325,,89407,1,89407,1
1656324,,89407,1,89407,1
1656323,,89407,1,89407,1
1656322,,89407,1,89407,1
1656321,,89407,1,89407,1
1656320,,89407,1,89407,1
1656319,,89407,1,89407,1
1656318,,89407,1,89407,1
1656317,,89407,1,89407,1
1656316,,89407,1,89407,1
1656315,,89407,1,89407,1
1656314,,89407,1,89407,1
1656313,,89407,1,89407,1
1656312,,89407,1,89407,1
1656311,,89407,1,89407,1
1656310,,89407,1,89407,1
1656309,,89407,1,89407,1
1656308,,89407,1,89407,1
1656307,,89407,1,89407,1
1656306,,89407,1,89407,1
1656305,,89407,1,89407,1
1656304,,89407,1,89407,1
1656303,,89407,1,89407,1
1656302,,89407,1,89407,1
1656301,,89407,1,89407,1
1656300,,89407,1,89407,1
1656299,,89407,1,89407,1
1656298,,89407,1,89407,1
1656297,,89407,1,89407,1
1656296,,89407,1,89407,1
1656295,,89407,1,89407,1
1656294,,89407,1,89407,1
1656293,,89407,1,89407,1
1656292,,89407,1,89407,1
1656291,,89407,1,89407,1
1656290,,89407,1,89407,1
1656289,,89407,1,89407,1
1656288,,89407,1,89407,1
1656287,,89407,1,89407,1
1656286,,89407,1,89407,1
1656285,,89407,1,89407,1
1656284,,89407,1,89407,1
1656283,,89407,1,89407,1
1656282,,89407,1,89407,1
1656281,,89407,1,89407,1
1656280,,89407,1,89407,1
1656279,,89407,1,89407,1
1656278,,89407,1,89407,1
1656277,,89407,1,89407,1
1656276,,89407,1,89407,1
1656275,,89407,1,89407,1
1656274,,89407,1,89407,1
1656273,,89407,1,89407,1
1656272,,89407,1,89407,1
1656271,,89407,1,89407,1
1656270,,89407,1,89407,1
1656269,,89407,1,89407,1
1656244,,89407,1,89407,1
1656243,,89407,1,89407,1
1656242,,89407,1,89407,1
1656241,,89407,1,89407,1
1656240,,89407,1,89407,1
1656239,,89407,1,89407,1
1656238,,89407,1,89407,1
1656237,,89407,1,89407,1
1656236,,89407,1,89407,1
1656235,,89407,1,89407,1
1656264,,89407,1,89407,1
1656263,,89407,1,89407,1
1656262,,89407,1,89407,1
1656261,,89407,1,89407,1
1656260,,89407,1,89407,1
1656259,,89407,1,89407,1
1656258,,89407,1,89407,1
1656257,,89407,1,89407,1
1656268,,89407,1,89407,1
1656267,,89407,1,89407,1
1656266,,89407,1,89407,1
1656265,,89407,1,89407,1
1656252,,89407,1,89407,1
1656251,,89407,1,89407,1
1656250,,89407,1,89407,1
1656249,,89407,1,89407,1
1656591,,89410,1,89410,0
1656590,,89410,1,89410,0
1656589,,89410,1,89410,0
1656588,,89410,1,89410,0
1656587,,89410,1,89410,0
1656586,,89410,1,89410,0
1656585,,89410,1,89410,0
1656584,,89410,1,89410,0
1656583,,89410,1,89410,0
1656582,,89410,1,89410,0
1656581,,89410,1,89410,0
1656580,,89410,1,89410,0
1656579,,89410,1,89410,0
1656578,,89410,1,89410,0
1656577,,89410,1,89410,0
1656576,,89410,1,89410,0
1656575,,89410,1,89410,0
1656574,,89410,1,89410,0
1656573,,89410,1,89410,0
1656572,,89410,1,89410,0
1656571,,89410,1,89410,0
1656570,,89410,1,89410,0
1656569,,89410,1,89410,0
1656568,,89410,1,89410,0
1656567,,89410,1,89410,0
1656566,,89410,1,89410,0
1656565,,89410,1,89410,0
1656564,,89410,1,89410,0
1656563,,89410,1,89410,0
1656562,,89410,1,89410,0
1656561,,89410,1,89410,0
1656560,,89410,1,89410,0
1656559,,89410,1,89410,0
1656558,,89410,1,89410,0
1656557,,89410,1,89410,0
1656556,,89410,1,89410,0
1656555,,89410,1,89410,0
1656554,,89410,1,89410,0
1656553,,89410,1,89410,0
1656552,,89410,1,89410,0
1656551,,89410,1,89410,0
1656550,,89410,1,89410,0
1656549,,89410,1,89410,0
1656548,,89410,1,89410,0
1656547,,89410,1,89410,0
1656546,,89410,1,89410,0
1656545,,89410,1,89410,0
1656544,,89410,1,89410,0
1656543,,89410,1,89410,0
1656542,,89410,1,89410,0
1656694,,89410,1,89410,0
1656540,,89410,1,89410,0
1656539,,89410,1,89410,0
1656538,,89410,1,89410,0
1656537,,89410,1,89410,0
1656536,,89410,1,89410,0
1656535,,89410,1,89410,0
1656534,,89410,1,89410,0
1656533,,89410,1,89410,0
1656532,,89410,1,89410,0
1656531,,89410,1,89410,0
1656530,,89410,1,89410,0
1656720,,89410,1,89410,0
1656719,,89410,1,89410,0
1656718,,89410,1,89410,0
1656717,,89410,1,89410,0
1656716,,89410,1,89410,0
1656715,,89410,1,89410,0
1656714,,89410,1,89410,0
1656713,,89410,1,89410,0
1656712,,89410,1,89410,0
1656711,,89410,1,89410,0
1656710,,89410,1,89410,0
1656709,,89410,1,89410,0
1656708,,89410,1,89410,0
1656707,,89410,1,89410,0
1656706,,89410,1,89410,0
1656705,,89410,1,89410,0
1656704,,89410,1,89410,0
1656703,,89410,1,89410,0
1656702,,89410,1,89410,0
1656701,,89410,1,89410,0
1656700,,89410,1,89410,0
1656699,,89410,1,89410,0
1656698,,89410,1,89410,0
1656697,,89410,1,89410,0
1656696,,89410,1,89410,0
1656695,,89410,1,89410,0
1656541,,89410,1,89410,0
1656693,,89410,1,89410,0
1656692,,89410,1,89410,0
1656691,,89410,1,89410,0
1656690,,89410,1,89410,0
1656689,,89410,1,89410,0
1656688,,89410,1,89410,0
1656687,,89410,1,89410,0
1656686,,89410,1,89410,0
1656685,,89410,1,89410,0
1656684,,89410,1,89410,0
1656683,,89410,1,89410,0
1656682,,89410,1,89410,0
1656681,,89410,1,89410,0
1656680,,89410,1,89410,0
1656679,,89410,1,89410,0
1656678,,89410,1,89410,0
1656677,,89410,1,89410,0
1656676,,89410,1,89410,0
1656675,,89410,1,89410,0
1656674,,89410,1,89410,0
1656673,,89410,1,89410,0
1656672,,89410,1,89410,0
1656671,,89410,1,89410,0
1656670,,89410,1,89410,0
1656669,,89410,1,89410,0
1656668,,89410,1,89410,0
1656667,,89410,1,89410,0
1656666,,89410,1,89410,0
1656665,,89410,1,89410,0
1656664,,89410,1,89410,0
1656663,,89410,1,89410,0
1656662,,89410,1,89410,0
1656661,,89410,1,89410,0
1656660,,89410,1,89410,0
1656659,,89410,1,89410,0
1656658,,89410,1,89410,0
1656657,,89410,1,89410,0
1656656,,89410,1,89410,0
1656655,,89410,1,89410,0
1656654,,89410,1,89410,0
1656653,,89410,1,89410,0
1656652,,89410,1,89410,0
1656651,,89410,1,89410,0
1656650,,89410,1,89410,0
1656649,,89410,1,89410,0
1656648,,89410,1,89410,0
1656647,,89410,1,89410,0
1656646,,89410,1,89410,0
1656645,,89410,1,89410,0
1656644,,89410,1,89410,0
1656643,,89410,1,89410,0
1656642,,89410,1,89410,0
1656641,,89410,1,89410,0
1656640,,89410,1,89410,0
1656639,,89410,1,89410,0
1656638,,89410,1,89410,0
1656637,,89410,1,89410,0
1656636,,89410,1,89410,0
1656635,,89410,1,89410,0
1656634,,89410,1,89410,0
1656633,,89410,1,89410,0
1656632,,89410,1,89410,0
1656631,,89410,1,89410,0
1656630,,89410,1,89410,0
1656629,,89410,1,89410,0
1656628,,89410,1,89410,0
1656627,,89410,1,89410,0
1656626,,89410,1,89410,0
1656625,,89410,1,89410,0
1656624,,89410,1,89410,0
1656623,,89410,1,89410,0
1656622,,89410,1,89410,0
1656621,,89410,1,89410,0
1656620,,89410,1,89410,0
1656619,,89410,1,89410,0
1656618,,89410,1,89410,0
1656617,,89410,1,89410,0
1656616,,89410,1,89410,0
1656615,,89410,1,89410,0
1656614,,89410,1,89410,0
1656613,,89410,1,89410,0
1656612,,89410,1,89410,0
1656611,,89410,1,89410,0
1656610,,89410,1,89410,0
1656609,,89410,1,89410,0
1656608,,89410,1,89410,0
1656607,,89410,1,89410,0
1656606,,89410,1,89410,0
1656605,,89410,1,89410,0
1656604,,89410,1,89410,0
1656603,,89410,1,89410,0
1656602,,89410,1,89410,0
1656601,,89410,1,89410,0
1656600,,89410,1,89410,0
1656599,,89410,1,89410,0
1656598,,89410,1,89410,0
1656597,,89410,1,89410,0
1656596,,89410,1,89410,0
1656595,,89410,1,89410,0
1656594,,89410,1,89410,0
1656593,,89410,1,89410,0
1656592,,89410,1,89410,0
1656469,,89411,1,89411,1
1656337,,89411,1,89411,1
1656338,,89411,1,89411,1
1656339,,89411,1,89411,1
1656340,,89411,1,89411,1
1656341,,89411,1,89411,1
1656342,,89411,1,89411,1
1656343,,89411,1,89411,1
1656344,,89411,1,89411,1
1656345,,89411,1,89411,1
1656346,,89411,1,89411,1
1656347,,89411,1,89411,1
1656348,,89411,1,89411,1
1656349,,89411,1,89411,1
1656350,,89411,1,89411,1
1656351,,89411,1,89411,1
1656352,,89411,1,89411,1
1656353,,89411,1,89411,1
1656354,,89411,1,89411,1
1656355,,89411,1,89411,1
1656356,,89411,1,89411,1
1656357,,89411,1,89411,1
1656358,,89411,1,89411,1
1656359,,89411,1,89411,1
1656360,,89411,1,89411,1
1656361,,89411,1,89411,1
1656362,,89411,1,89411,1
1656363,,89411,1,89411,1
1656364,,89411,1,89411,1
1656365,,89411,1,89411,1
1656366,,89411,1,89411,1
1656367,,89411,1,89411,1
1656368,,89411,1,89411,1
1656369,,89411,1,89411,1
1656370,,89411,1,89411,1
1656371,,89411,1,89411,1
1656372,,89411,1,89411,1
1656373,,89411,1,89411,1
1656374,,89411,1,89411,1
1656375,,89411,1,89411,1
1656376,,89411,1,89411,1
1656377,,89411,1,89411,1
1656378,,89411,1,89411,1
1656379,,89411,1,89411,1
1656380,,89411,1,89411,1
1656381,,89411,1,89411,1
1656382,,89411,1,89411,1
1656383,,89411,1,89411,1
1656404,,89411,1,89411,1
1656405,,89411,1,89411,1
1656406,,89411,1,89411,1
1656407,,89411,1,89411,1
1656408,,89411,1,89411,1
1656409,,89411,1,89411,1
1656410,,89411,1,89411,1
1656411,,89411,1,89411,1
1656412,,89411,1,89411,1
1656413,,89411,1,89411,1
1656414,,89411,1,89411,1
1656415,,89411,1,89411,1
1656416,,89411,1,89411,1
1656417,,89411,1,89411,1
1656418,,89411,1,89411,1
1656419,,89411,1,89411,1
1656420,,89411,1,89411,1
1656421,,89411,1,89411,1
1656422,,89411,1,89411,1
1656423,,89411,1,89411,1
1656424,,89411,1,89411,1
1656425,,89411,1,89411,1
1656426,,89411,1,89411,1
1656427,,89411,1,89411,1
1656428,,89411,1,89411,1
1656429,,89411,1,89411,1
1656430,,89411,1,89411,1
1656431,,89411,1,89411,1
1656432,,89411,1,89411,1
1656433,,89411,1,89411,1
1656434,,89411,1,89411,1
1656435,,89411,1,89411,1
1656436,,89411,1,89411,1
1656437,,89411,1,89411,1
1656438,,89411,1,89411,1
1656439,,89411,1,89411,1
1656440,,89411,1,89411,1
1656441,,89411,1,89411,1
1656442,,89411,1,89411,1
1656443,,89411,1,89411,1
1656444,,89411,1,89411,1
1656445,,89411,1,89411,1
1656446,,89411,1,89411,1
1656447,,89411,1,89411,1
1656448,,89411,1,89411,1
1656449,,89411,1,89411,1
1656450,,89411,1,89411,1
1656451,,89411,1,89411,1
1656452,,89411,1,89411,1
1656453,,89411,1,89411,1
1656454,,89411,1,89411,1
1656455,,89411,1,89411,1
1656456,,89411,1,89411,1
1656457,,89411,1,89411,1
1656458,,89411,1,89411,1
1656459,,89411,1,89411,1
1656460,,89411,1,89411,1
1656461,,89411,1,89411,1
1656462,,89411,1,89411,1
1656463,,89411,1,89411,1
1656464,,89411,1,89411,1
1656465,,89411,1,89411,1
1656466,,89411,1,89411,1
1656467,,89411,1,89411,1
1656468,,89411,1,89411,1
1656470,,89411,1,89411,1
1656471,,89411,1,89411,1
1656472,,89411,1,89411,1
1656473,,89411,1,89411,1
1656474,,89411,1,89411,1
1656475,,89411,1,89411,1
1656476,,89411,1,89411,1
1656477,,89411,1,89411,1
1656478,,89411,1,89411,1
1656479,,89411,1,89411,1
1656480,,89411,1,89411,1
1656481,,89411,1,89411,1
1656482,,89411,1,89411,1
1656483,,89411,1,89411,1
1656484,,89411,1,89411,1
1656485,,89411,1,89411,1
1656486,,89411,1,89411,1
1656487,,89411,1,89411,1
1656384,,89411,1,89411,1
1656385,,89411,1,89411,1
1656386,,89411,1,89411,1
1656387,,89411,1,89411,1
1656388,,89411,1,89411,1
1656389,,89411,1,89411,1
1656390,,89411,1,89411,1
1656391,,89411,1,89411,1
1656392,,89411,1,89411,1
1656393,,89411,1,89411,1
1656394,,89411,1,89411,1
1656395,,89411,1,89411,1
1656396,,89411,1,89411,1
1656397,,89411,1,89411,1
1656398,,89411,1,89411,1
1656399,,89411,1,89411,1
1656400,,89411,1,89411,1
1656401,,89411,1,89411,1
1656402,,89411,1,89411,1
1656403,,89411,1,89411,1
1656488,,89411,1,89411,1
1656489,,89411,1,89411,1
1656490,,89411,1,89411,1
1656491,,89411,1,89411,1
1656492,,89411,1,89411,1
1656493,,89411,1,89411,1
1656494,,89411,1,89411,1
1656495,,89411,1,89411,1
1656496,,89411,1,89411,1
1656497,,89411,1,89411,1
1656498,,89411,1,89411,1
1656499,,89411,1,89411,1
1656500,,89411,1,89411,1
1656501,,89411,1,89411,1
1656502,,89411,1,89411,1
1656503,,89411,1,89411,1
1656504,,89411,1,89411,1
1656505,,89411,1,89411,1
1656506,,89411,1,89411,1
1656507,,89411,1,89411,1
1656508,,89411,1,89411,1
1656509,,89411,1,89411,1
1656510,,89411,1,89411,1
1656511,,89411,1,89411,1
1656512,,89411,1,89411,1
1656513,,89411,1,89411,1
1656514,,89411,1,89411,1
1656515,,89411,1,89411,1
1656516,,89411,1,89411,1
1656517,,89411,1,89411,1
1656518,,89411,1,89411,1
1656519,,89411,1,89411,1
1656520,,89411,1,89411,1
1656521,,89411,1,89411,1
1656522,,89411,1,89411,1
1656523,,89411,1,89411,1
1656524,,89411,1,89411,1
1656525,,89411,1,89411,1
1656526,,89411,1,89411,1
1656527,,89411,1,89411,1
1656528,,89411,1,89411,1
1656529,,89411,1,89411,1
1656884,,89412,1,89412,0
1656909,,89412,1,89412,0
1656908,,89412,1,89412,0
1656906,,89412,1,89412,0
1656880,,89412,1,89412,0
1656905,,89412,1,89412,0
1656904,,89412,1,89412,0
1656903,,89412,1,89412,0
1656902,,89412,1,89412,0
1656901,,89412,1,89412,0
1656900,,89412,1,89412,0
1656899,,89412,1,89412,0
1656898,,89412,1,89412,0
1656897,,89412,1,89412,0
1656896,,89412,1,89412,0
1656895,,89412,1,89412,0
1656894,,89412,1,89412,0
1656893,,89412,1,89412,0
1656892,,89412,1,89412,0
1656891,,89412,1,89412,0
1656890,,89412,1,89412,0
1656889,,89412,1,89412,0
1656888,,89412,1,89412,0
1656887,,89412,1,89412,0
1656886,,89412,1,89412,0
1656885,,89412,1,89412,0
1656883,,89412,1,89412,0
1656856,,89412,1,89412,0
1656882,,89412,1,89412,0
1656881,,89412,1,89412,0
1656879,,89412,1,89412,0
1656878,,89412,1,89412,0
1656877,,89412,1,89412,0
1656876,,89412,1,89412,0
1656875,,89412,1,89412,0
1656874,,89412,1,89412,0
1656873,,89412,1,89412,0
1656872,,89412,1,89412,0
1656871,,89412,1,89412,0
1656870,,89412,1,89412,0
1656869,,89412,1,89412,0
1656868,,89412,1,89412,0
1656867,,89412,1,89412,0
1656866,,89412,1,89412,0
1656865,,89412,1,89412,0
1656864,,89412,1,89412,0
1656863,,89412,1,89412,0
1656862,,89412,1,89412,0
1656861,,89412,1,89412,0
1656860,,89412,1,89412,0
1656859,,89412,1,89412,0
1656907,,89412,1,89412,0
1656858,,89412,1,89412,0
1656857,,89412,1,89412,0
1656855,,89412,1,89412,0
1656827,,89412,1,89412,0
1656928,,89412,1,89412,0
1656927,,89412,1,89412,0
1656926,,89412,1,89412,0
1656925,,89412,1,89412,0
1656924,,89412,1,89412,0
1656923,,89412,1,89412,0
1656922,,89412,1,89412,0
1656921,,89412,1,89412,0
1656920,,89412,1,89412,0
1656919,,89412,1,89412,0
1656918,,89412,1,89412,0
1656917,,89412,1,89412,0
1656916,,89412,1,89412,0
1656915,,89412,1,89412,0
1656914,,89412,1,89412,0
1656913,,89412,1,89412,0
1656912,,89412,1,89412,0
1656911,,89412,1,89412,0
1656910,,89412,1,89412,0
1656854,,89412,1,89412,0
1656853,,89412,1,89412,0
1656852,,89412,1,89412,0
1656851,,89412,1,89412,0
1656850,,89412,1,89412,0
1656849,,89412,1,89412,0
1656848,,89412,1,89412,0
1656847,,89412,1,89412,0
1656846,,89412,1,89412,0
1656845,,89412,1,89412,0
1656844,,89412,1,89412,0
1656843,,89412,1,89412,0
1656842,,89412,1,89412,0
1656841,,89412,1,89412,0
1656840,,89412,1,89412,0
1656839,,89412,1,89412,0
1656838,,89412,1,89412,0
1656837,,89412,1,89412,0
1656836,,89412,1,89412,0
1656835,,89412,1,89412,0
1656834,,89412,1,89412,0
1656833,,89412,1,89412,0
1656832,,89412,1,89412,0
1656831,,89412,1,89412,0
1656830,,89412,1,89412,0
1656829,,89412,1,89412,0
1656828,,89412,1,89412,0
1656731,,89414,1,89414,1
1656742,,89414,1,89414,1
1656743,,89414,1,89414,1
1656744,,89414,1,89414,1
1656745,,89414,1,89414,1
1656746,,89414,1,89414,1
1656747,,89414,1,89414,1
1656779,,89414,1,89414,1
1656735,,89414,1,89414,1
1656736,,89414,1,89414,1
1656737,,89414,1,89414,1
1656738,,89414,1,89414,1
1656739,,89414,1,89414,1
1656740,,89414,1,89414,1
1656723,,89414,1,89414,1
1656824,,89414,1,89414,1
1656823,,89414,1,89414,1
1656822,,89414,1,89414,1
1656821,,89414,1,89414,1
1656820,,89414,1,89414,1
1656819,,89414,1,89414,1
1656818,,89414,1,89414,1
1656817,,89414,1,89414,1
1656816,,89414,1,89414,1
1656815,,89414,1,89414,1
1656732,,89414,1,89414,1
1656733,,89414,1,89414,1
1656791,,89414,1,89414,1
1656734,,89414,1,89414,1
1656792,,89414,1,89414,1
1656793,,89414,1,89414,1
1656794,,89414,1,89414,1
1656795,,89414,1,89414,1
1656796,,89414,1,89414,1
1656797,,89414,1,89414,1
1656798,,89414,1,89414,1
1656799,,89414,1,89414,1
1656800,,89414,1,89414,1
1656780,,89414,1,89414,1
1656801,,89414,1,89414,1
1656781,,89414,1,89414,1
1656782,,89414,1,89414,1
1656783,,89414,1,89414,1
1656784,,89414,1,89414,1
1656785,,89414,1,89414,1
1656786,,89414,1,89414,1
1656787,,89414,1,89414,1
1656788,,89414,1,89414,1
1656789,,89414,1,89414,1
1656769,,89414,1,89414,1
1656741,,89414,1,89414,1
1656770,,89414,1,89414,1
1656771,,89414,1,89414,1
1656772,,89414,1,89414,1
1656773,,89414,1,89414,1
1656774,,89414,1,89414,1
1656775,,89414,1,89414,1
1656776,,89414,1,89414,1
1656777,,89414,1,89414,1
1656778,,89414,1,89414,1
1656808,,89414,1,89414,1
1656809,,89414,1,89414,1
1656810,,89414,1,89414,1
1656811,,89414,1,89414,1
1656812,,89414,1,89414,1
1656813,,89414,1,89414,1
1656814,,89414,1,89414,1
1656768,,89414,1,89414,1
1656802,,89414,1,89414,1
1656803,,89414,1,89414,1
1656804,,89414,1,89414,1
1656805,,89414,1,89414,1
1656806,,89414,1,89414,1
1656807,,89414,1,89414,1
1656790,,89414,1,89414,1
1656764,,89414,1,89414,1
1656763,,89414,1,89414,1
1656762,,89414,1,89414,1
1656761,,89414,1,89414,1
1656760,,89414,1,89414,1
1656759,,89414,1,89414,1
1656758,,89414,1,89414,1
1656757,,89414,1,89414,1
1656756,,89414,1,89414,1
1656755,,89414,1,89414,1
1656754,,89414,1,89414,1
1656753,,89414,1,89414,1
1656752,,89414,1,89414,1
1656751,,89414,1,89414,1
1656750,,89414,1,89414,1
1656749,,89414,1,89414,1
1656748,,89414,1,89414,1
1656767,,89414,1,89414,1
1656766,,89414,1,89414,1
1656724,,89414,1,89414,1
1656765,,89414,1,89414,1
1656725,,89414,1,89414,1
1656726,,89414,1,89414,1
1656727,,89414,1,89414,1
1656728,,89414,1,89414,1
1656729,,89414,1,89414,1
1656730,,89414,1,89414,1
1656971,,89415,1,89415,0
1656934,,89415,1,89415,0
1656935,,89415,1,89415,0
1656936,,89415,1,89415,0
1656937,,89415,1,89415,0
1656938,,89415,1,89415,0
1656939,,89415,1,89415,0
1656940,,89415,1,89415,0
1656941,,89415,1,89415,0
1656942,,89415,1,89415,0
1656943,,89415,1,89415,0
1656944,,89415,1,89415,0
1656945,,89415,1,89415,0
1656947,,89415,1,89415,0
1656948,,89415,1,89415,0
1656949,,89415,1,89415,0
1656950,,89415,1,89415,0
1656951,,89415,1,89415,0
1656952,,89415,1,89415,0
1656953,,89415,1,89415,0
1656954,,89415,1,89415,0
1656967,,89415,1,89415,0
1657006,,89415,1,89415,0
1657007,,89415,1,89415,0
1657008,,89415,1,89415,0
1657003,,89415,1,89415,0
1657002,,89415,1,89415,0
1657001,,89415,1,89415,0
1657005,,89415,1,89415,0
1657004,,89415,1,89415,0
1657000,,89415,1,89415,0
1656999,,89415,1,89415,0
1656998,,89415,1,89415,0
1656997,,89415,1,89415,0
1656996,,89415,1,89415,0
1656995,,89415,1,89415,0
1656994,,89415,1,89415,0
1656993,,89415,1,89415,0
1656992,,89415,1,89415,0
1656991,,89415,1,89415,0
1656990,,89415,1,89415,0
1656989,,89415,1,89415,0
1656988,,89415,1,89415,0
1656984,,89415,1,89415,0
1656983,,89415,1,89415,0
1656987,,89415,1,89415,0
1656986,,89415,1,89415,0
1656985,,89415,1,89415,0
1656980,,89415,1,89415,0
1656981,,89415,1,89415,0
1656982,,89415,1,89415,0
1656929,,89415,1,89415,0
1657029,,89415,1,89415,0
1657028,,89415,1,89415,0
1657027,,89415,1,89415,0
1657026,,89415,1,89415,0
1657025,,89415,1,89415,0
1657024,,89415,1,89415,0
1657023,,89415,1,89415,0
1657022,,89415,1,89415,0
1657020,,89415,1,89415,0
1657019,,89415,1,89415,0
1657018,,89415,1,89415,0
1657017,,89415,1,89415,0
1657016,,89415,1,89415,0
1657015,,89415,1,89415,0
1657014,,89415,1,89415,0
1657013,,89415,1,89415,0
1657012,,89415,1,89415,0
1657011,,89415,1,89415,0
1657010,,89415,1,89415,0
1657009,,89415,1,89415,0
1656946,,89415,1,89415,0
1656955,,89415,1,89415,0
1656956,,89415,1,89415,0
1656957,,89415,1,89415,0
1656958,,89415,1,89415,0
1656959,,89415,1,89415,0
1656960,,89415,1,89415,0
1656961,,89415,1,89415,0
1656962,,89415,1,89415,0
1656963,,89415,1,89415,0
1656964,,89415,1,89415,0
1656965,,89415,1,89415,0
1656966,,89415,1,89415,0
1656968,,89415,1,89415,0
1656969,,89415,1,89415,0
1656970,,89415,1,89415,0
1656972,,89415,1,89415,0
1656973,,89415,1,89415,0
1656974,,89415,1,89415,0
1656975,,89415,1,89415,0
1656976,,89415,1,89415,0
1656977,,89415,1,89415,0
1656978,,89415,1,89415,0
1656979,,89415,1,89415,0
1657021,,89415,1,89415,0
1656931,,89415,1,89415,0
1656932,,89415,1,89415,0
1656933,,89415,1,89415,0
1657046,,89416,1,89416,1
1657077,,89416,1,89416,1
1657078,,89416,1,89416,1
1657079,,89416,1,89416,1
1657080,,89416,1,89416,1
1657081,,89416,1,89416,1
1657082,,89416,1,89416,1
1657083,,89416,1,89416,1
1657084,,89416,1,89416,1
1657122,,89416,1,89416,1
1657085,,89416,1,89416,1
1657086,,89416,1,89416,1
1657087,,89416,1,89416,1
1657088,,89416,1,89416,1
1657089,,89416,1,89416,1
1657090,,89416,1,89416,1
1657091,,89416,1,89416,1
1657092,,89416,1,89416,1
1657093,,89416,1,89416,1
1657094,,89416,1,89416,1
1657095,,89416,1,89416,1
1657068,,89416,1,89416,1
1657130,,89416,1,89416,1
1657041,,89416,1,89416,1
1657042,,89416,1,89416,1
1657043,,89416,1,89416,1
1657044,,89416,1,89416,1
1657045,,89416,1,89416,1
1657047,,89416,1,89416,1
1657048,,89416,1,89416,1
1657061,,89416,1,89416,1
1657049,,89416,1,89416,1
1657050,,89416,1,89416,1
1657051,,89416,1,89416,1
1657102,,89416,1,89416,1
1657101,,89416,1,89416,1
1657100,,89416,1,89416,1
1657099,,89416,1,89416,1
1657098,,89416,1,89416,1
1657097,,89416,1,89416,1
1657096,,89416,1,89416,1
1657124,,89416,1,89416,1
1657125,,89416,1,89416,1
1657126,,89416,1,89416,1
1657127,,89416,1,89416,1
1657128,,89416,1,89416,1
1657129,,89416,1,89416,1
1657131,,89416,1,89416,1
1657132,,89416,1,89416,1
1657052,,89416,1,89416,1
1657133,,89416,1,89416,1
1657134,,89416,1,89416,1
1657135,,89416,1,89416,1
1657033,,89416,1,89416,1
1657060,,89416,1,89416,1
1657059,,89416,1,89416,1
1657058,,89416,1,89416,1
1657057,,89416,1,89416,1
1657056,,89416,1,89416,1
1657055,,89416,1,89416,1
1657054,,89416,1,89416,1
1657053,,89416,1,89416,1
1657115,,89416,1,89416,1
1657103,,89416,1,89416,1
1657069,,89416,1,89416,1
1657067,,89416,1,89416,1
1657066,,89416,1,89416,1
1657065,,89416,1,89416,1
1657064,,89416,1,89416,1
1657063,,89416,1,89416,1
1657062,,89416,1,89416,1
1657034,,89416,1,89416,1
1657035,,89416,1,89416,1
1657036,,89416,1,89416,1
1657037,,89416,1,89416,1
1657038,,89416,1,89416,1
1657039,,89416,1,89416,1
1657040,,89416,1,89416,1
1657104,,89416,1,89416,1
1657105,,89416,1,89416,1
1657106,,89416,1,89416,1
1657107,,89416,1,89416,1
1657108,,89416,1,89416,1
1657109,,89416,1,89416,1
1657110,,89416,1,89416,1
1657123,,89416,1,89416,1
1657111,,89416,1,89416,1
1657112,,89416,1,89416,1
1657113,,89416,1,89416,1
1657114,,89416,1,89416,1
1657116,,89416,1,89416,1
1657117,,89416,1,89416,1
1657118,,89416,1,89416,1
1657119,,89416,1,89416,1
1657120,,89416,1,89416,1
1657121,,89416,1,89416,1
1657070,,89416,1,89416,1
1657071,,89416,1,89416,1
1657072,,89416,1,89416,1
1657073,,89416,1,89416,1
1657074,,89416,1,89416,1
1657075,,89416,1,89416,1
1657076,,89416,1,89416,1
1660652,,89418,1,89418,0
1660739,,89418,1,89418,0
1660738,,89418,1,89418,0
1660737,,89418,1,89418,0
1660728,,89418,1,89418,0
1660729,,89418,1,89418,0
1660730,,89418,1,89418,0
1660731,,89418,1,89418,0
1660732,,89418,1,89418,0
1660733,,89418,1,89418,0
1660734,,89418,1,89418,0
1660735,,89418,1,89418,0
1660736,,89418,1,89418,0
1660727,,89418,1,89418,0
1660726,,89418,1,89418,0
1660725,,89418,1,89418,0
1660724,,89418,1,89418,0
1660696,,89418,1,89418,0
1660666,,89418,1,89418,0
1660667,,89418,1,89418,0
1660668,,89418,1,89418,0
1660669,,89418,1,89418,0
1660670,,89418,1,89418,0
1660671,,89418,1,89418,0
1660672,,89418,1,89418,0
1660673,,89418,1,89418,0
1660674,,89418,1,89418,0
1660675,,89418,1,89418,0
1660676,,89418,1,89418,0
1660677,,89418,1,89418,0
1660678,,89418,1,89418,0
1660705,,89418,1,89418,0
1660723,,89418,1,89418,0
1660706,,89418,1,89418,0
1660707,,89418,1,89418,0
1660708,,89418,1,89418,0
1660684,,89418,1,89418,0
1660685,,89418,1,89418,0
1660686,,89418,1,89418,0
1660687,,89418,1,89418,0
1660688,,89418,1,89418,0
1660689,,89418,1,89418,0
1660690,,89418,1,89418,0
1660691,,89418,1,89418,0
1660692,,89418,1,89418,0
1660679,,89418,1,89418,0
1660693,,89418,1,89418,0
1660694,,89418,1,89418,0
1660695,,89418,1,89418,0
1660704,,89418,1,89418,0
1660703,,89418,1,89418,0
1660702,,89418,1,89418,0
1660701,,89418,1,89418,0
1660700,,89418,1,89418,0
1660699,,89418,1,89418,0
1660698,,89418,1,89418,0
1660697,,89418,1,89418,0
1660680,,89418,1,89418,0
1660681,,89418,1,89418,0
1660682,,89418,1,89418,0
1660665,,89418,1,89418,0
1660683,,89418,1,89418,0
1660722,,89418,1,89418,0
1660721,,89418,1,89418,0
1660720,,89418,1,89418,0
1660719,,89418,1,89418,0
1660718,,89418,1,89418,0
1660717,,89418,1,89418,0
1660716,,89418,1,89418,0
1660715,,89418,1,89418,0
1660714,,89418,1,89418,0
1660713,,89418,1,89418,0
1660712,,89418,1,89418,0
1660711,,89418,1,89418,0
1660710,,89418,1,89418,0
1660709,,89418,1,89418,0
1660664,,89418,1,89418,0
1660663,,89418,1,89418,0
1660662,,89418,1,89418,0
1660661,,89418,1,89418,0
1660660,,89418,1,89418,0
1660659,,89418,1,89418,0
1660658,,89418,1,89418,0
1660657,,89418,1,89418,0
1660656,,89418,1,89418,0
1660655,,89418,1,89418,0
1660654,,89418,1,89418,0
1660653,,89418,1,89418,0
1660825,,89419,1,89419,1
1660824,,89419,1,89419,1
1660823,,89419,1,89419,1
1660827,,89419,1,89419,1
1660826,,89419,1,89419,1
1660822,,89419,1,89419,1
1660821,,89419,1,89419,1
1660820,,89419,1,89419,1
1660819,,89419,1,89419,1
1660818,,89419,1,89419,1
1660817,,89419,1,89419,1
1660816,,89419,1,89419,1
1660815,,89419,1,89419,1
1660814,,89419,1,89419,1
1660813,,89419,1,89419,1
1660812,,89419,1,89419,1
1660811,,89419,1,89419,1
1660810,,89419,1,89419,1
1660809,,89419,1,89419,1
1660808,,89419,1,89419,1
1660807,,89419,1,89419,1
1660806,,89419,1,89419,1
1660805,,89419,1,89419,1
1660804,,89419,1,89419,1
1660803,,89419,1,89419,1
1660802,,89419,1,89419,1
1660801,,89419,1,89419,1
1660800,,89419,1,89419,1
1660799,,89419,1,89419,1
1660798,,89419,1,89419,1
1660797,,89419,1,89419,1
1660796,,89419,1,89419,1
1660795,,89419,1,89419,1
1660794,,89419,1,89419,1
1660793,,89419,1,89419,1
1660792,,89419,1,89419,1
1660791,,89419,1,89419,1
1660790,,89419,1,89419,1
1660789,,89419,1,89419,1
1660788,,89419,1,89419,1
1660787,,89419,1,89419,1
1660786,,89419,1,89419,1
1660742,,89419,1,89419,1
1660741,,89419,1,89419,1
1660740,,89419,1,89419,1
1660785,,89419,1,89419,1
1660784,,89419,1,89419,1
1660783,,89419,1,89419,1
1660782,,89419,1,89419,1
1660781,,89419,1,89419,1
1660780,,89419,1,89419,1
1660779,,89419,1,89419,1
1660778,,89419,1,89419,1
1660777,,89419,1,89419,1
1660776,,89419,1,89419,1
1660775,,89419,1,89419,1
1660774,,89419,1,89419,1
1660773,,89419,1,89419,1
1660772,,89419,1,89419,1
1660771,,89419,1,89419,1
1660770,,89419,1,89419,1
1660769,,89419,1,89419,1
1660768,,89419,1,89419,1
1660767,,89419,1,89419,1
1660766,,89419,1,89419,1
1660765,,89419,1,89419,1
1660764,,89419,1,89419,1
1660763,,89419,1,89419,1
1660762,,89419,1,89419,1
1660761,,89419,1,89419,1
1660760,,89419,1,89419,1
1660759,,89419,1,89419,1
1660758,,89419,1,89419,1
1660757,,89419,1,89419,1
1660756,,89419,1,89419,1
1660755,,89419,1,89419,1
1660754,,89419,1,89419,1
1660753,,89419,1,89419,1
1660752,,89419,1,89419,1
1660751,,89419,1,89419,1
1660750,,89419,1,89419,1
1660749,,89419,1,89419,1
1660748,,89419,1,89419,1
1660747,,89419,1,89419,1
1660746,,89419,1,89419,1
1660745,,89419,1,89419,1
1660744,,89419,1,89419,1
1660743,,89419,1,89419,1
1661205,,89629,1,89629,0
1661207,,89629,1,89629,0
1661208,,89629,1,89629,0
1661209,,89629,1,89629,0
1661210,,89629,1,89629,0
1661211,,89629,1,89629,0
1661193,,89629,1,89629,0
1661194,,89629,1,89629,0
1661195,,89629,1,89629,0
1661196,,89629,1,89629,0
1661212,,89629,1,89629,0
1661213,,89629,1,89629,0
1661214,,89629,1,89629,0
1661215,,89629,1,89629,0
1661216,,89629,1,89629,0
1661217,,89629,1,89629,0
1661218,,89629,1,89629,0
1661219,,89629,1,89629,0
1661220,,89629,1,89629,0
1661221,,89629,1,89629,0
1661222,,89629,1,89629,0
1661223,,89629,1,89629,0
1661224,,89629,1,89629,0
1661191,,89629,1,89629,0
1661192,,89629,1,89629,0
1661197,,89629,1,89629,0
1661198,,89629,1,89629,0
1661199,,89629,1,89629,0
1661200,,89629,1,89629,0
1661201,,89629,1,89629,0
1661202,,89629,1,89629,0
1661203,,89629,1,89629,0
1661204,,89629,1,89629,0
1661206,,89629,1,89629,0
1661159,,89630,1,89630,1
1661158,,89630,1,89630,1
1661157,,89630,1,89630,1
1661177,,89630,1,89630,1
1661176,,89630,1,89630,1
1661175,,89630,1,89630,1
1661174,,89630,1,89630,1
1661173,,89630,1,89630,1
1661172,,89630,1,89630,1
1661171,,89630,1,89630,1
1661156,,89630,1,89630,1
1661189,,89630,1,89630,1
1661188,,89630,1,89630,1
1661187,,89630,1,89630,1
1661186,,89630,1,89630,1
1661185,,89630,1,89630,1
1661184,,89630,1,89630,1
1661183,,89630,1,89630,1
1661182,,89630,1,89630,1
1661181,,89630,1,89630,1
1661180,,89630,1,89630,1
1661179,,89630,1,89630,1
1661178,,89630,1,89630,1
1661170,,89630,1,89630,1
1661169,,89630,1,89630,1
1661168,,89630,1,89630,1
1661167,,89630,1,89630,1
1661166,,89630,1,89630,1
1661165,,89630,1,89630,1
1661164,,89630,1,89630,1
1661163,,89630,1,89630,1
1661162,,89630,1,89630,1
1661161,,89630,1,89630,1
1661160,,89630,1,89630,1
1655462,,89642,1,89642,0
1655515,,89642,1,89642,0
1655514,,89642,1,89642,0
1655513,,89642,1,89642,0
1655506,,89642,1,89642,0
1655505,,89642,1,89642,0
1655512,,89642,1,89642,0
1655511,,89642,1,89642,0
1655510,,89642,1,89642,0
1655509,,89642,1,89642,0
1655508,,89642,1,89642,0
1655507,,89642,1,89642,0
1655504,,89642,1,89642,0
1655503,,89642,1,89642,0
1655502,,89642,1,89642,0
1655501,,89642,1,89642,0
1655500,,89642,1,89642,0
1655499,,89642,1,89642,0
1655498,,89642,1,89642,0
1655497,,89642,1,89642,0
1655496,,89642,1,89642,0
1655495,,89642,1,89642,0
1655494,,89642,1,89642,0
1655493,,89642,1,89642,0
1655492,,89642,1,89642,0
1655491,,89642,1,89642,0
1655490,,89642,1,89642,0
1655489,,89642,1,89642,0
1655488,,89642,1,89642,0
1655487,,89642,1,89642,0
1655486,,89642,1,89642,0
1655485,,89642,1,89642,0
1655484,,89642,1,89642,0
1655483,,89642,1,89642,0
1655482,,89642,1,89642,0
1655481,,89642,1,89642,0
1655480,,89642,1,89642,0
1655479,,89642,1,89642,0
1655478,,89642,1,89642,0
1655477,,89642,1,89642,0
1655476,,89642,1,89642,0
1655475,,89642,1,89642,0
1655474,,89642,1,89642,0
1655473,,89642,1,89642,0
1655472,,89642,1,89642,0
1655471,,89642,1,89642,0
1655470,,89642,1,89642,0
1655469,,89642,1,89642,0
1655468,,89642,1,89642,0
1655467,,89642,1,89642,0
1655466,,89642,1,89642,0
1655465,,89642,1,89642,0
1655464,,89642,1,89642,0
1655461,,89642,1,89642,0
1655460,,89642,1,89642,0
1655459,,89642,1,89642,0
1655458,,89642,1,89642,0
1655457,,89642,1,89642,0
1655456,,89642,1,89642,0
1655463,,89642,1,89642,0
1655446,,90303,1,90303,1
1655390,,90303,1,90303,1
1655452,,90303,1,90303,1
1655451,,90303,1,90303,1
1655445,,90303,1,90303,1
1655450,,90303,1,90303,1
1655440,,90303,1,90303,1
1655449,,90303,1,90303,1
1655448,,90303,1,90303,1
1655447,,90303,1,90303,1
1655439,,90303,1,90303,1
1655444,,90303,1,90303,1
1655443,,90303,1,90303,1
1655442,,90303,1,90303,1
1655441,,90303,1,90303,1
1655377,,90303,1,90303,1
1655391,,90303,1,90303,1
1655438,,90303,1,90303,1
1655437,,90303,1,90303,1
1655436,,90303,1,90303,1
1655420,,90303,1,90303,1
1655419,,90303,1,90303,1
1655433,,90303,1,90303,1
1655432,,90303,1,90303,1
1655431,,90303,1,90303,1
1655430,,90303,1,90303,1
1655435,,90303,1,90303,1
1655427,,90303,1,90303,1
1655426,,90303,1,90303,1
1655425,,90303,1,90303,1
1655434,,90303,1,90303,1
1655424,,90303,1,90303,1
1655429,,90303,1,90303,1
1655423,,90303,1,90303,1
1655422,,90303,1,90303,1
1655421,,90303,1,90303,1
1655428,,90303,1,90303,1
1655418,,90303,1,90303,1
1655417,,90303,1,90303,1
1655416,,90303,1,90303,1
1655415,,90303,1,90303,1
1655414,,90303,1,90303,1
1655413,,90303,1,90303,1
1655412,,90303,1,90303,1
1655411,,90303,1,90303,1
1655410,,90303,1,90303,1
1655409,,90303,1,90303,1
1655408,,90303,1,90303,1
1655407,,90303,1,90303,1
1655406,,90303,1,90303,1
1655405,,90303,1,90303,1
1655404,,90303,1,90303,1
1655403,,90303,1,90303,1
1655402,,90303,1,90303,1
1655401,,90303,1,90303,1
1655400,,90303,1,90303,1
1655399,,90303,1,90303,1
1655398,,90303,1,90303,1
1655397,,90303,1,90303,1
1655396,,90303,1,90303,1
1860109,,107569,1,107569,0
1860186,,107569,1,107569,0
1860187,,107569,1,107569,0
1860188,,107569,1,107569,0
1860189,,107569,1,107569,0
1860190,,107569,1,107569,0
1860191,,107569,1,107569,0
1860192,,107569,1,107569,0
1860193,,107569,1,107569,0
1860194,,107569,1,107569,0
1860195,,107569,1,107569,0
1860196,,107569,1,107569,0
1860197,,107569,1,107569,0
1860198,,107569,1,107569,0
1860199,,107569,1,107569,0
1860200,,107569,1,107569,0
1860201,,107569,1,107569,0
1860202,,107569,1,107569,0
1860203,,107569,1,107569,0
1860204,,107569,1,107569,0
1860205,,107569,1,107569,0
1860206,,107569,1,107569,0
1860207,,107569,1,107569,0
1860208,,107569,1,107569,0
1860209,,107569,1,107569,0
1860210,,107569,1,107569,0
1860211,,107569,1,107569,0
1860212,,107569,1,107569,0
1860213,,107569,1,107569,0
1860214,,107569,1,107569,0
1860215,,107569,1,107569,0
1657491,,107569,1,107569,0
1860172,,107569,1,107569,0
1860171,,107569,1,107569,0
1860170,,107569,1,107569,0
1860169,,107569,1,107569,0
1860168,,107569,1,107569,0
1860167,,107569,1,107569,0
1860166,,107569,1,107569,0
1860165,,107569,1,107569,0
1860164,,107569,1,107569,0
1860163,,107569,1,107569,0
1860162,,107569,1,107569,0
1860161,,107569,1,107569,0
1860160,,107569,1,107569,0
1860159,,107569,1,107569,0
1860158,,107569,1,107569,0
1860157,,107569,1,107569,0
1860155,,107569,1,107569,0
1860154,,107569,1,107569,0
1860153,,107569,1,107569,0
1860152,,107569,1,107569,0
1860151,,107569,1,107569,0
1860150,,107569,1,107569,0
1860149,,107569,1,107569,0
1860148,,107569,1,107569,0
1860147,,107569,1,107569,0
1860146,,107569,1,107569,0
1860156,,107569,1,107569,0
1860173,,107569,1,107569,0
1860174,,107569,1,107569,0
1860071,,107569,1,107569,0
1860072,,107569,1,107569,0
1860073,,107569,1,107569,0
1860074,,107569,1,107569,0
1860075,,107569,1,107569,0
1860076,,107569,1,107569,0
1860077,,107569,1,107569,0
1860078,,107569,1,107569,0
1860079,,107569,1,107569,0
1860080,,107569,1,107569,0
1860081,,107569,1,107569,0
1860082,,107569,1,107569,0
1860083,,107569,1,107569,0
1860084,,107569,1,107569,0
1860085,,107569,1,107569,0
1860086,,107569,1,107569,0
1860087,,107569,1,107569,0
1860088,,107569,1,107569,0
1860089,,107569,1,107569,0
1860090,,107569,1,107569,0
1860091,,107569,1,107569,0
1860092,,107569,1,107569,0
1860093,,107569,1,107569,0
1860094,,107569,1,107569,0
1860095,,107569,1,107569,0
1860096,,107569,1,107569,0
1860097,,107569,1,107569,0
1860098,,107569,1,107569,0
1860099,,107569,1,107569,0
1860100,,107569,1,107569,0
1860101,,107569,1,107569,0
1860102,,107569,1,107569,0
1860103,,107569,1,107569,0
1860104,,107569,1,107569,0
1860105,,107569,1,107569,0
1860106,,107569,1,107569,0
1860107,,107569,1,107569,0
1860108,,107569,1,107569,0
1860110,,107569,1,107569,0
1860111,,107569,1,107569,0
1860112,,107569,1,107569,0
1860113,,107569,1,107569,0
1860114,,107569,1,107569,0
1860115,,107569,1,107569,0
1860176,,107569,1,107569,0
1860177,,107569,1,107569,0
1860178,,107569,1,107569,0
1860179,,107569,1,107569,0
1860180,,107569,1,107569,0
1860181,,107569,1,107569,0
1860182,,107569,1,107569,0
1860183,,107569,1,107569,0
1860184,,107569,1,107569,0
1860185,,107569,1,107569,0
1860175,,107569,1,107569,0
1860116,,107569,1,107569,0
1860117,,107569,1,107569,0
1860118,,107569,1,107569,0
1860119,,107569,1,107569,0
1860120,,107569,1,107569,0
1860121,,107569,1,107569,0
1860122,,107569,1,107569,0
1860123,,107569,1,107569,0
1860124,,107569,1,107569,0
1860125,,107569,1,107569,0
1860126,,107569,1,107569,0
1860127,,107569,1,107569,0
1860128,,107569,1,107569,0
1860129,,107569,1,107569,0
1860130,,107569,1,107569,0
1860131,,107569,1,107569,0
1860132,,107569,1,107569,0
1860133,,107569,1,107569,0
1860134,,107569,1,107569,0
1860135,,107569,1,107569,0
1860136,,107569,1,107569,0
1860137,,107569,1,107569,0
1860138,,107569,1,107569,0
1860139,,107569,1,107569,0
1860140,,107569,1,107569,0
1860141,,107569,1,107569,0
1860142,,107569,1,107569,0
1860143,,107569,1,107569,0
1860144,,107569,1,107569,0
1860145,,107569,1,107569,0
1860375,,107591,1,107591,1
1860362,,107591,1,107591,1
1860363,,107591,1,107591,1
1860223,,107591,1,107591,1
1860222,,107591,1,107591,1
1860221,,107591,1,107591,1
1860244,,107591,1,107591,1
1860245,,107591,1,107591,1
1860246,,107591,1,107591,1
1860247,,107591,1,107591,1
1860248,,107591,1,107591,1
1860294,,107591,1,107591,1
1860293,,107591,1,107591,1
1860292,,107591,1,107591,1
1860291,,107591,1,107591,1
1860290,,107591,1,107591,1
1860289,,107591,1,107591,1
1860288,,107591,1,107591,1
1860287,,107591,1,107591,1
1860286,,107591,1,107591,1
1860285,,107591,1,107591,1
1860284,,107591,1,107591,1
1860283,,107591,1,107591,1
1860282,,107591,1,107591,1
1860281,,107591,1,107591,1
1860280,,107591,1,107591,1
1860279,,107591,1,107591,1
1860278,,107591,1,107591,1
1860373,,107591,1,107591,1
1860372,,107591,1,107591,1
1860371,,107591,1,107591,1
1657783,,107591,1,107591,1
1860370,,107591,1,107591,1
1860369,,107591,1,107591,1
1860368,,107591,1,107591,1
1860367,,107591,1,107591,1
1860366,,107591,1,107591,1
1860365,,107591,1,107591,1
1860364,,107591,1,107591,1
1860249,,107591,1,107591,1
1860250,,107591,1,107591,1
1860251,,107591,1,107591,1
1860252,,107591,1,107591,1
1860253,,107591,1,107591,1
1860254,,107591,1,107591,1
1860255,,107591,1,107591,1
1860256,,107591,1,107591,1
1860257,,107591,1,107591,1
1860258,,107591,1,107591,1
1860259,,107591,1,107591,1
1860260,,107591,1,107591,1
1860261,,107591,1,107591,1
1860262,,107591,1,107591,1
1860263,,107591,1,107591,1
1860264,,107591,1,107591,1
1860265,,107591,1,107591,1
1860266,,107591,1,107591,1
1860267,,107591,1,107591,1
1860346,,107591,1,107591,1
1860347,,107591,1,107591,1
1860268,,107591,1,107591,1
1860269,,107591,1,107591,1
1860270,,107591,1,107591,1
1860271,,107591,1,107591,1
1860220,,107591,1,107591,1
1860219,,107591,1,107591,1
1860218,,107591,1,107591,1
1860217,,107591,1,107591,1
1860216,,107591,1,107591,1
1860348,,107591,1,107591,1
1860343,,107591,1,107591,1
1860344,,107591,1,107591,1
1860345,,107591,1,107591,1
1860229,,107591,1,107591,1
1860228,,107591,1,107591,1
1860227,,107591,1,107591,1
1860226,,107591,1,107591,1
1860225,,107591,1,107591,1
1860224,,107591,1,107591,1
1860272,,107591,1,107591,1
1860273,,107591,1,107591,1
1860274,,107591,1,107591,1
1860275,,107591,1,107591,1
1860276,,107591,1,107591,1
1860277,,107591,1,107591,1
1860331,,107591,1,107591,1
1860330,,107591,1,107591,1
1860329,,107591,1,107591,1
1860328,,107591,1,107591,1
1860327,,107591,1,107591,1
1860326,,107591,1,107591,1
1860325,,107591,1,107591,1
1860324,,107591,1,107591,1
1860323,,107591,1,107591,1
1860322,,107591,1,107591,1
1860321,,107591,1,107591,1
1860320,,107591,1,107591,1
1860319,,107591,1,107591,1
1860318,,107591,1,107591,1
1860317,,107591,1,107591,1
1860316,,107591,1,107591,1
1860315,,107591,1,107591,1
1860314,,107591,1,107591,1
1860313,,107591,1,107591,1
1860312,,107591,1,107591,1
1860311,,107591,1,107591,1
1860310,,107591,1,107591,1
1860309,,107591,1,107591,1
1860308,,107591,1,107591,1
1860307,,107591,1,107591,1
1860306,,107591,1,107591,1
1860305,,107591,1,107591,1
1860304,,107591,1,107591,1
1860349,,107591,1,107591,1
1860350,,107591,1,107591,1
1860351,,107591,1,107591,1
1860352,,107591,1,107591,1
1860353,,107591,1,107591,1
1860354,,107591,1,107591,1
1860355,,107591,1,107591,1
1860356,,107591,1,107591,1
1860357,,107591,1,107591,1
1860358,,107591,1,107591,1
1860359,,107591,1,107591,1
1860360,,107591,1,107591,1
1860361,,107591,1,107591,1
1860374,,107591,1,107591,1
1860230,,107591,1,107591,1
1860231,,107591,1,107591,1
1860232,,107591,1,107591,1
1860233,,107591,1,107591,1
1860234,,107591,1,107591,1
1860235,,107591,1,107591,1
1860236,,107591,1,107591,1
1860237,,107591,1,107591,1
1860238,,107591,1,107591,1
1860239,,107591,1,107591,1
1860334,,107591,1,107591,1
1860333,,107591,1,107591,1
1860240,,107591,1,107591,1
1860241,,107591,1,107591,1
1860242,,107591,1,107591,1
1860243,,107591,1,107591,1
1860342,,107591,1,107591,1
1860341,,107591,1,107591,1
1860340,,107591,1,107591,1
1860339,,107591,1,107591,1
1860338,,107591,1,107591,1
1860332,,107591,1,107591,1
1860337,,107591,1,107591,1
1860336,,107591,1,107591,1
1860335,,107591,1,107591,1
1860303,,107591,1,107591,1
1860302,,107591,1,107591,1
1860301,,107591,1,107591,1
1860300,,107591,1,107591,1
1860299,,107591,1,107591,1
1860298,,107591,1,107591,1
1860297,,107591,1,107591,1
1860296,,107591,1,107591,1
1860295,,107591,1,107591,1
1656099,,107596,1,107596,0
1657490,,107596,1,107596,0
1656031,,107596,1,107596,0
1656032,,107596,1,107596,0
1656033,,107596,1,107596,0
1656034,,107596,1,107596,0
1656035,,107596,1,107596,0
1656036,,107596,1,107596,0
1656037,,107596,1,107596,0
1656038,,107596,1,107596,0
1656039,,107596,1,107596,0
1656040,,107596,1,107596,0
1656041,,107596,1,107596,0
1656042,,107596,1,107596,0
1656043,,107596,1,107596,0
1656044,,107596,1,107596,0
1656045,,107596,1,107596,0
1656046,,107596,1,107596,0
1656047,,107596,1,107596,0
1656048,,107596,1,107596,0
1656049,,107596,1,107596,0
1656050,,107596,1,107596,0
1656051,,107596,1,107596,0
1656052,,107596,1,107596,0
1656053,,107596,1,107596,0
1656054,,107596,1,107596,0
1656055,,107596,1,107596,0
1656056,,107596,1,107596,0
1656057,,107596,1,107596,0
1656058,,107596,1,107596,0
1656059,,107596,1,107596,0
1656060,,107596,1,107596,0
1656061,,107596,1,107596,0
1656062,,107596,1,107596,0
1656063,,107596,1,107596,0
1656064,,107596,1,107596,0
1656065,,107596,1,107596,0
1656066,,107596,1,107596,0
1656067,,107596,1,107596,0
1656068,,107596,1,107596,0
1656069,,107596,1,107596,0
1656070,,107596,1,107596,0
1656071,,107596,1,107596,0
1656072,,107596,1,107596,0
1656073,,107596,1,107596,0
1656074,,107596,1,107596,0
1656075,,107596,1,107596,0
1656076,,107596,1,107596,0
1656077,,107596,1,107596,0
1656078,,107596,1,107596,0
1656079,,107596,1,107596,0
1656080,,107596,1,107596,0
1656081,,107596,1,107596,0
1656082,,107596,1,107596,0
1656083,,107596,1,107596,0
1656084,,107596,1,107596,0
1656085,,107596,1,107596,0
1656086,,107596,1,107596,0
1656087,,107596,1,107596,0
1656088,,107596,1,107596,0
1656089,,107596,1,107596,0
1656090,,107596,1,107596,0
1656091,,107596,1,107596,0
1656092,,107596,1,107596,0
1656093,,107596,1,107596,0
1656094,,107596,1,107596,0
1656095,,107596,1,107596,0
1656096,,107596,1,107596,0
1656097,,107596,1,107596,0
1656117,,107596,1,107596,0
1656116,,107596,1,107596,0
1656115,,107596,1,107596,0
1656114,,107596,1,107596,0
1656113,,107596,1,107596,0
1656112,,107596,1,107596,0
1656111,,107596,1,107596,0
1656110,,107596,1,107596,0
1656109,,107596,1,107596,0
1656108,,107596,1,107596,0
1656107,,107596,1,107596,0
1656106,,107596,1,107596,0
1656105,,107596,1,107596,0
1656104,,107596,1,107596,0
1656103,,107596,1,107596,0
1656102,,107596,1,107596,0
1656101,,107596,1,107596,0
1656100,,107596,1,107596,0
1656098,,107596,1,107596,0
1655979,,107597,1,107597,1
1655951,,107597,1,107597,1
1655950,,107597,1,107597,1
1655949,,107597,1,107597,1
1655948,,107597,1,107597,1
1655947,,107597,1,107597,1
1655946,,107597,1,107597,1
1655945,,107597,1,107597,1
1655944,,107597,1,107597,1
1655943,,107597,1,107597,1
1655953,,107597,1,107597,1
1655990,,107597,1,107597,1
1655989,,107597,1,107597,1
1655988,,107597,1,107597,1
1655987,,107597,1,107597,1
1655986,,107597,1,107597,1
1655985,,107597,1,107597,1
1655984,,107597,1,107597,1
1655983,,107597,1,107597,1
1655982,,107597,1,107597,1
1655981,,107597,1,107597,1
1655980,,107597,1,107597,1
1655978,,107597,1,107597,1
1655954,,107597,1,107597,1
1655955,,107597,1,107597,1
1655956,,107597,1,107597,1
1655957,,107597,1,107597,1
1655958,,107597,1,107597,1
1655959,,107597,1,107597,1
1655960,,107597,1,107597,1
1655961,,107597,1,107597,1
1655962,,107597,1,107597,1
1655963,,107597,1,107597,1
1655964,,107597,1,107597,1
1655965,,107597,1,107597,1
1655966,,107597,1,107597,1
1655967,,107597,1,107597,1
1655968,,107597,1,107597,1
1655969,,107597,1,107597,1
1655970,,107597,1,107597,1
1655971,,107597,1,107597,1
1655972,,107597,1,107597,1
1655973,,107597,1,107597,1
1655974,,107597,1,107597,1
1655975,,107597,1,107597,1
1655976,,107597,1,107597,1
1655977,,107597,1,107597,1
1655952,,107597,1,107597,1
1655942,,107597,1,107597,1
1656029,,107597,1,107597,1
1656028,,107597,1,107597,1
1656027,,107597,1,107597,1
1656026,,107597,1,107597,1
1656025,,107597,1,107597,1
1656024,,107597,1,107597,1
1656023,,107597,1,107597,1
1656022,,107597,1,107597,1
1656021,,107597,1,107597,1
1656020,,107597,1,107597,1
1656019,,107597,1,107597,1
1656018,,107597,1,107597,1
1656017,,107597,1,107597,1
1656016,,107597,1,107597,1
1656015,,107597,1,107597,1
1656014,,107597,1,107597,1
1656013,,107597,1,107597,1
1656012,,107597,1,107597,1
1656011,,107597,1,107597,1
1656010,,107597,1,107597,1
1656009,,107597,1,107597,1
1656008,,107597,1,107597,1
1656007,,107597,1,107597,1
1656006,,107597,1,107597,1
1656005,,107597,1,107597,1
1656004,,107597,1,107597,1
1656003,,107597,1,107597,1
1656002,,107597,1,107597,1
1656001,,107597,1,107597,1
1656000,,107597,1,107597,1
1655999,,107597,1,107597,1
1655998,,107597,1,107597,1
1655997,,107597,1,107597,1
1655996,,107597,1,107597,1
1655995,,107597,1,107597,1
1655994,,107597,1,107597,1
1655993,,107597,1,107597,1
1655992,,107597,1,107597,1
1655991,,107597,1,107597,1
1656121,,107598,1,107598,0
1656122,,107598,1,107598,0
1656126,,107598,1,107598,0
1656125,,107598,1,107598,0
1656124,,107598,1,107598,0
1656123,,107598,1,107598,0
1656127,,107598,1,107598,0
1656128,,107599,1,107599,1
1656132,,107599,1,107599,1
1656131,,107599,1,107599,1
1656130,,107599,1,107599,1
1656129,,107599,1,107599,1
1657883,,107600,1,107600,0
1657867,,107600,1,107600,0
1657866,,107600,1,107600,0
1657865,,107600,1,107600,0
1657864,,107600,1,107600,0
1657863,,107600,1,107600,0
1657862,,107600,1,107600,0
1657861,,107600,1,107600,0
1657860,,107600,1,107600,0
1657859,,107600,1,107600,0
1657858,,107600,1,107600,0
1657857,,107600,1,107600,0
1657856,,107600,1,107600,0
1657855,,107600,1,107600,0
1657854,,107600,1,107600,0
1657853,,107600,1,107600,0
1657852,,107600,1,107600,0
1657851,,107600,1,107600,0
1657850,,107600,1,107600,0
1657849,,107600,1,107600,0
1657848,,107600,1,107600,0
1657847,,107600,1,107600,0
1657846,,107600,1,107600,0
1657845,,107600,1,107600,0
1657817,,107600,1,107600,0
1657816,,107600,1,107600,0
1657844,,107600,1,107600,0
1657843,,107600,1,107600,0
1657842,,107600,1,107600,0
1657841,,107600,1,107600,0
1657840,,107600,1,107600,0
1657877,,107600,1,107600,0
1657876,,107600,1,107600,0
1657875,,107600,1,107600,0
1657874,,107600,1,107600,0
1657873,,107600,1,107600,0
1657792,,107600,1,107600,0
1657895,,107600,1,107600,0
1657894,,107600,1,107600,0
1657893,,107600,1,107600,0
1657892,,107600,1,107600,0
1657891,,107600,1,107600,0
1657890,,107600,1,107600,0
1657889,,107600,1,107600,0
1657888,,107600,1,107600,0
1657887,,107600,1,107600,0
1657886,,107600,1,107600,0
1657885,,107600,1,107600,0
1657884,,107600,1,107600,0
1657870,,107600,1,107600,0
1657869,,107600,1,107600,0
1657810,,107600,1,107600,0
1657809,,107600,1,107600,0
1657808,,107600,1,107600,0
1657807,,107600,1,107600,0
1657806,,107600,1,107600,0
1657805,,107600,1,107600,0
1657804,,107600,1,107600,0
1657803,,107600,1,107600,0
1657802,,107600,1,107600,0
1657801,,107600,1,107600,0
1657800,,107600,1,107600,0
1657799,,107600,1,107600,0
1657798,,107600,1,107600,0
1657797,,107600,1,107600,0
1657796,,107600,1,107600,0
1657795,,107600,1,107600,0
1657794,,107600,1,107600,0
1657793,,107600,1,107600,0
1657839,,107600,1,107600,0
1657815,,107600,1,107600,0
1657814,,107600,1,107600,0
1657813,,107600,1,107600,0
1657812,,107600,1,107600,0
1657811,,107600,1,107600,0
1657882,,107600,1,107600,0
1657881,,107600,1,107600,0
1657880,,107600,1,107600,0
1657879,,107600,1,107600,0
1657878,,107600,1,107600,0
1657872,,107600,1,107600,0
1657871,,107600,1,107600,0
1657838,,107600,1,107600,0
1657837,,107600,1,107600,0
1657836,,107600,1,107600,0
1657835,,107600,1,107600,0
1657834,,107600,1,107600,0
1657833,,107600,1,107600,0
1657832,,107600,1,107600,0
1657868,,107600,1,107600,0
1657831,,107600,1,107600,0
1657830,,107600,1,107600,0
1657829,,107600,1,107600,0
1657828,,107600,1,107600,0
1657827,,107600,1,107600,0
1657826,,107600,1,107600,0
1657825,,107600,1,107600,0
1657824,,107600,1,107600,0
1657823,,107600,1,107600,0
1657822,,107600,1,107600,0
1657821,,107600,1,107600,0
1657820,,107600,1,107600,0
1657819,,107600,1,107600,0
1657818,,107600,1,107600,0
1657988,,107601,1,107601,1
1657987,,107601,1,107601,1
1657986,,107601,1,107601,1
1657985,,107601,1,107601,1
1657984,,107601,1,107601,1
1657983,,107601,1,107601,1
1657982,,107601,1,107601,1
1657981,,107601,1,107601,1
1657980,,107601,1,107601,1
1657979,,107601,1,107601,1
1657978,,107601,1,107601,1
1657977,,107601,1,107601,1
1657976,,107601,1,107601,1
1657975,,107601,1,107601,1
1657974,,107601,1,107601,1
1657973,,107601,1,107601,1
1657972,,107601,1,107601,1
1657971,,107601,1,107601,1
1657970,,107601,1,107601,1
1657969,,107601,1,107601,1
1657968,,107601,1,107601,1
1657967,,107601,1,107601,1
1657966,,107601,1,107601,1
1657965,,107601,1,107601,1
1657964,,107601,1,107601,1
1657963,,107601,1,107601,1
1657962,,107601,1,107601,1
1657961,,107601,1,107601,1
1657960,,107601,1,107601,1
1657959,,107601,1,107601,1
1657958,,107601,1,107601,1
1657957,,107601,1,107601,1
1657956,,107601,1,107601,1
1657955,,107601,1,107601,1
1657954,,107601,1,107601,1
1657953,,107601,1,107601,1
1657952,,107601,1,107601,1
1657951,,107601,1,107601,1
1657950,,107601,1,107601,1
1657949,,107601,1,107601,1
1657948,,107601,1,107601,1
1657947,,107601,1,107601,1
1657946,,107601,1,107601,1
1657945,,107601,1,107601,1
1657944,,107601,1,107601,1
1657943,,107601,1,107601,1
1657942,,107601,1,107601,1
1657941,,107601,1,107601,1
1657940,,107601,1,107601,1
1657939,,107601,1,107601,1
1657938,,107601,1,107601,1
1657937,,107601,1,107601,1
1657936,,107601,1,107601,1
1657935,,107601,1,107601,1
1657934,,107601,1,107601,1
1657933,,107601,1,107601,1
1657932,,107601,1,107601,1
1657931,,107601,1,107601,1
1657930,,107601,1,107601,1
1657929,,107601,1,107601,1
1657928,,107601,1,107601,1
1657927,,107601,1,107601,1
1657926,,107601,1,107601,1
1657925,,107601,1,107601,1
1657924,,107601,1,107601,1
1657923,,107601,1,107601,1
1657922,,107601,1,107601,1
1657921,,107601,1,107601,1
1657920,,107601,1,107601,1
1657919,,107601,1,107601,1
1657918,,107601,1,107601,1
1657917,,107601,1,107601,1
1657916,,107601,1,107601,1
1657915,,107601,1,107601,1
1657914,,107601,1,107601,1
1657913,,107601,1,107601,1
1657912,,107601,1,107601,1
1657911,,107601,1,107601,1
1657910,,107601,1,107601,1
1657909,,107601,1,107601,1
1657908,,107601,1,107601,1
1657907,,107601,1,107601,1
1657906,,107601,1,107601,1
1657905,,107601,1,107601,1
1657904,,107601,1,107601,1
1657903,,107601,1,107601,1
1657902,,107601,1,107601,1
1657901,,107601,1,107601,1
1657900,,107601,1,107601,1
1657899,,107601,1,107601,1
1657898,,107601,1,107601,1
1657897,,107601,1,107601,1
1657896,,107601,1,107601,1
1657999,,107601,1,107601,1
1657998,,107601,1,107601,1
1657997,,107601,1,107601,1
1657996,,107601,1,107601,1
1657995,,107601,1,107601,1
1657994,,107601,1,107601,1
1657993,,107601,1,107601,1
1657992,,107601,1,107601,1
1657991,,107601,1,107601,1
1657990,,107601,1,107601,1
1657989,,107601,1,107601,1
1658090,,107603,1,107603,0
1658091,,107603,1,107603,0
1658092,,107603,1,107603,0
1658093,,107603,1,107603,0
1658094,,107603,1,107603,0
1658079,,107603,1,107603,0
1658056,,107603,1,107603,0
1658080,,107603,1,107603,0
1658081,,107603,1,107603,0
1658072,,107603,1,107603,0
1658071,,107603,1,107603,0
1658070,,107603,1,107603,0
1658069,,107603,1,107603,0
1658068,,107603,1,107603,0
1658067,,107603,1,107603,0
1658066,,107603,1,107603,0
1658065,,107603,1,107603,0
1658064,,107603,1,107603,0
1658063,,107603,1,107603,0
1658062,,107603,1,107603,0
1658061,,107603,1,107603,0
1658060,,107603,1,107603,0
1658059,,107603,1,107603,0
1658058,,107603,1,107603,0
1658057,,107603,1,107603,0
1658055,,107603,1,107603,0
1658109,,107603,1,107603,0
1658108,,107603,1,107603,0
1658107,,107603,1,107603,0
1658106,,107603,1,107603,0
1658105,,107603,1,107603,0
1658104,,107603,1,107603,0
1658103,,107603,1,107603,0
1658102,,107603,1,107603,0
1658101,,107603,1,107603,0
1658100,,107603,1,107603,0
1658099,,107603,1,107603,0
1658098,,107603,1,107603,0
1658097,,107603,1,107603,0
1658096,,107603,1,107603,0
1658095,,107603,1,107603,0
1658073,,107603,1,107603,0
1658074,,107603,1,107603,0
1658075,,107603,1,107603,0
1658076,,107603,1,107603,0
1658077,,107603,1,107603,0
1658078,,107603,1,107603,0
1658082,,107603,1,107603,0
1658083,,107603,1,107603,0
1658084,,107603,1,107603,0
1658085,,107603,1,107603,0
1658086,,107603,1,107603,0
1658087,,107603,1,107603,0
1658088,,107603,1,107603,0
1658089,,107603,1,107603,0
1658023,,107604,1,107604,1
1658002,,107604,1,107604,1
1658001,,107604,1,107604,1
1658053,,107604,1,107604,1
1658054,,107604,1,107604,1
1658000,,107604,1,107604,1
1658029,,107604,1,107604,1
1658052,,107604,1,107604,1
1658051,,107604,1,107604,1
1658050,,107604,1,107604,1
1658049,,107604,1,107604,1
1658048,,107604,1,107604,1
1658047,,107604,1,107604,1
1658046,,107604,1,107604,1
1658028,,107604,1,107604,1
1658027,,107604,1,107604,1
1658045,,107604,1,107604,1
1658044,,107604,1,107604,1
1658043,,107604,1,107604,1
1658042,,107604,1,107604,1
1658041,,107604,1,107604,1
1658040,,107604,1,107604,1
1658039,,107604,1,107604,1
1658038,,107604,1,107604,1
1658037,,107604,1,107604,1
1658036,,107604,1,107604,1
1658035,,107604,1,107604,1
1658034,,107604,1,107604,1
1658033,,107604,1,107604,1
1658032,,107604,1,107604,1
1658031,,107604,1,107604,1
1658030,,107604,1,107604,1
1658026,,107604,1,107604,1
1658025,,107604,1,107604,1
1658024,,107604,1,107604,1
1658003,,107604,1,107604,1
1658022,,107604,1,107604,1
1658021,,107604,1,107604,1
1658020,,107604,1,107604,1
1658019,,107604,1,107604,1
1658018,,107604,1,107604,1
1658017,,107604,1,107604,1
1658016,,107604,1,107604,1
1658015,,107604,1,107604,1
1658014,,107604,1,107604,1
1658013,,107604,1,107604,1
1658012,,107604,1,107604,1
1658011,,107604,1,107604,1
1658010,,107604,1,107604,1
1658009,,107604,1,107604,1
1658008,,107604,1,107604,1
1658007,,107604,1,107604,1
1658006,,107604,1,107604,1
1658005,,107604,1,107604,1
1658004,,107604,1,107604,1
1658181,,107605,1,107605,0
1658180,,107605,1,107605,0
1658179,,107605,1,107605,0
1658178,,107605,1,107605,0
1658177,,107605,1,107605,0
1658186,,107605,1,107605,0
1658187,,107605,1,107605,0
1658188,,107605,1,107605,0
1658189,,107605,1,107605,0
1658190,,107605,1,107605,0
1658191,,107605,1,107605,0
1658192,,107605,1,107605,0
1658193,,107605,1,107605,0
1658194,,107605,1,107605,0
1658195,,107605,1,107605,0
1658196,,107605,1,107605,0
1658197,,107605,1,107605,0
1658198,,107605,1,107605,0
1658199,,107605,1,107605,0
1658200,,107605,1,107605,0
1658201,,107605,1,107605,0
1658176,,107605,1,107605,0
1658175,,107605,1,107605,0
1658174,,107605,1,107605,0
1658173,,107605,1,107605,0
1658172,,107605,1,107605,0
1658171,,107605,1,107605,0
1658170,,107605,1,107605,0
1658169,,107605,1,107605,0
1658168,,107605,1,107605,0
1658202,,107605,1,107605,0
1658203,,107605,1,107605,0
1658204,,107605,1,107605,0
1658205,,107605,1,107605,0
1658206,,107605,1,107605,0
1658207,,107605,1,107605,0
1658208,,107605,1,107605,0
1658209,,107605,1,107605,0
1658210,,107605,1,107605,0
1658211,,107605,1,107605,0
1658212,,107605,1,107605,0
1658213,,107605,1,107605,0
1658214,,107605,1,107605,0
1658215,,107605,1,107605,0
1658216,,107605,1,107605,0
1658164,,107605,1,107605,0
1658167,,107605,1,107605,0
1658166,,107605,1,107605,0
1658165,,107605,1,107605,0
1658185,,107605,1,107605,0
1658184,,107605,1,107605,0
1658183,,107605,1,107605,0
1658182,,107605,1,107605,0
1658154,,107606,1,107606,1
1658112,,107606,1,107606,1
1658113,,107606,1,107606,1
1658114,,107606,1,107606,1
1658115,,107606,1,107606,1
1658116,,107606,1,107606,1
1658117,,107606,1,107606,1
1658118,,107606,1,107606,1
1658119,,107606,1,107606,1
1658120,,107606,1,107606,1
1658121,,107606,1,107606,1
1658122,,107606,1,107606,1
1658123,,107606,1,107606,1
1658124,,107606,1,107606,1
1658125,,107606,1,107606,1
1658126,,107606,1,107606,1
1658127,,107606,1,107606,1
1658128,,107606,1,107606,1
1658129,,107606,1,107606,1
1658130,,107606,1,107606,1
1658131,,107606,1,107606,1
1658132,,107606,1,107606,1
1658133,,107606,1,107606,1
1658134,,107606,1,107606,1
1658135,,107606,1,107606,1
1658136,,107606,1,107606,1
1658137,,107606,1,107606,1
1658138,,107606,1,107606,1
1658139,,107606,1,107606,1
1658140,,107606,1,107606,1
1658141,,107606,1,107606,1
1658142,,107606,1,107606,1
1658143,,107606,1,107606,1
1658144,,107606,1,107606,1
1658145,,107606,1,107606,1
1658146,,107606,1,107606,1
1658147,,107606,1,107606,1
1658148,,107606,1,107606,1
1658149,,107606,1,107606,1
1658150,,107606,1,107606,1
1658151,,107606,1,107606,1
1658152,,107606,1,107606,1
1658153,,107606,1,107606,1
1658155,,107606,1,107606,1
1658156,,107606,1,107606,1
1658157,,107606,1,107606,1
1658158,,107606,1,107606,1
1658159,,107606,1,107606,1
1658160,,107606,1,107606,1
1658161,,107606,1,107606,1
1658162,,107606,1,107606,1
1658163,,107606,1,107606,1
1658111,,107606,1,107606,1
1661249,,107607,1,107607,0
1661248,,107607,1,107607,0
1661254,,107607,1,107607,0
1661253,,107607,1,107607,0
1661272,,107607,1,107607,0
1661273,,107607,1,107607,0
1661250,,107607,1,107607,0
1661281,,107607,1,107607,0
1661234,,107607,1,107607,0
1661235,,107607,1,107607,0
1661229,,107607,1,107607,0
1661230,,107607,1,107607,0
1661271,,107607,1,107607,0
1661226,,107607,1,107607,0
1661280,,107607,1,107607,0
1661279,,107607,1,107607,0
1661278,,107607,1,107607,0
1661277,,107607,1,107607,0
1661238,,107607,1,107607,0
1661233,,107607,1,107607,0
1661232,,107607,1,107607,0
1661236,,107607,1,107607,0
1661228,,107607,1,107607,0
1661227,,107607,1,107607,0
1661269,,107607,1,107607,0
1661268,,107607,1,107607,0
1661247,,107607,1,107607,0
1661261,,107607,1,107607,0
1661260,,107607,1,107607,0
1661259,,107607,1,107607,0
1661258,,107607,1,107607,0
1661262,,107607,1,107607,0
1661263,,107607,1,107607,0
1661264,,107607,1,107607,0
1661265,,107607,1,107607,0
1661276,,107607,1,107607,0
1661266,,107607,1,107607,0
1661267,,107607,1,107607,0
1661256,,107607,1,107607,0
1661275,,107607,1,107607,0
1661274,,107607,1,107607,0
1661270,,107607,1,107607,0
1661240,,107607,1,107607,0
1661239,,107607,1,107607,0
1661283,,107607,1,107607,0
1661282,,107607,1,107607,0
1661255,,107607,1,107607,0
1661246,,107607,1,107607,0
1661251,,107607,1,107607,0
1661252,,107607,1,107607,0
1661257,,107607,1,107607,0
1661225,,107607,1,107607,0
1661287,,107607,1,107607,0
1661286,,107607,1,107607,0
1661241,,107607,1,107607,0
1661285,,107607,1,107607,0
1661284,,107607,1,107607,0
1661237,,107607,1,107607,0
1661242,,107607,1,107607,0
1661243,,107607,1,107607,0
1661231,,107607,1,107607,0
1661244,,107607,1,107607,0
1661245,,107607,1,107607,0
1661330,,107608,1,107608,1
1661289,,107608,1,107608,1
1661351,,107608,1,107608,1
1661334,,107608,1,107608,1
1661294,,107608,1,107608,1
1661295,,107608,1,107608,1
1661296,,107608,1,107608,1
1661297,,107608,1,107608,1
1661298,,107608,1,107608,1
1661299,,107608,1,107608,1
1661300,,107608,1,107608,1
1661301,,107608,1,107608,1
1661312,,107608,1,107608,1
1661311,,107608,1,107608,1
1661310,,107608,1,107608,1
1661309,,107608,1,107608,1
1661308,,107608,1,107608,1
1661306,,107608,1,107608,1
1661305,,107608,1,107608,1
1661304,,107608,1,107608,1
1661316,,107608,1,107608,1
1661350,,107608,1,107608,1
1661349,,107608,1,107608,1
1661348,,107608,1,107608,1
1661347,,107608,1,107608,1
1661345,,107608,1,107608,1
1661344,,107608,1,107608,1
1661343,,107608,1,107608,1
1661302,,107608,1,107608,1
1661291,,107608,1,107608,1
1661315,,107608,1,107608,1
1661340,,107608,1,107608,1
1661339,,107608,1,107608,1
1661337,,107608,1,107608,1
1661336,,107608,1,107608,1
1661335,,107608,1,107608,1
1661325,,107608,1,107608,1
1661326,,107608,1,107608,1
1661338,,107608,1,107608,1
1661314,,107608,1,107608,1
1661333,,107608,1,107608,1
1661313,,107608,1,107608,1
1661342,,107608,1,107608,1
1661324,,107608,1,107608,1
1661323,,107608,1,107608,1
1661322,,107608,1,107608,1
1661321,,107608,1,107608,1
1661320,,107608,1,107608,1
1661319,,107608,1,107608,1
1661318,,107608,1,107608,1
1661317,,107608,1,107608,1
1661327,,107608,1,107608,1
1661328,,107608,1,107608,1
1661329,,107608,1,107608,1
1661331,,107608,1,107608,1
1661332,,107608,1,107608,1
1661303,,107608,1,107608,1
1661293,,107608,1,107608,1
1661341,,107608,1,107608,1
1661292,,107608,1,107608,1
1661346,,107608,1,107608,1
1661290,,107608,1,107608,1
1661307,,107608,1,107608,1
1661445,,107609,1,107609,0
1661478,,107609,1,107609,0
1661477,,107609,1,107609,0
1661476,,107609,1,107609,0
1661474,,107609,1,107609,0
1661464,,107609,1,107609,0
1661465,,107609,1,107609,0
1661466,,107609,1,107609,0
1661467,,107609,1,107609,0
1661468,,107609,1,107609,0
1661469,,107609,1,107609,0
1661470,,107609,1,107609,0
1661471,,107609,1,107609,0
1661472,,107609,1,107609,0
1661473,,107609,1,107609,0
1661440,,107609,1,107609,0
1661463,,107609,1,107609,0
1661462,,107609,1,107609,0
1661461,,107609,1,107609,0
1661459,,107609,1,107609,0
1661449,,107609,1,107609,0
1661450,,107609,1,107609,0
1661451,,107609,1,107609,0
1661452,,107609,1,107609,0
1661453,,107609,1,107609,0
1661454,,107609,1,107609,0
1661455,,107609,1,107609,0
1661456,,107609,1,107609,0
1661457,,107609,1,107609,0
1661458,,107609,1,107609,0
1661475,,107609,1,107609,0
1661448,,107609,1,107609,0
1661447,,107609,1,107609,0
1661446,,107609,1,107609,0
1661444,,107609,1,107609,0
1661484,,107609,1,107609,0
1661483,,107609,1,107609,0
1661482,,107609,1,107609,0
1661481,,107609,1,107609,0
1661480,,107609,1,107609,0
1661479,,107609,1,107609,0
1661439,,107609,1,107609,0
1661441,,107609,1,107609,0
1661442,,107609,1,107609,0
1661443,,107609,1,107609,0
1661460,,107609,1,107609,0
1661485,,107609,1,107609,0
1661486,,107609,1,107609,0
1661487,,107609,1,107609,0
1661488,,107609,1,107609,0
1661438,,107609,1,107609,0
1661401,,107610,1,107610,1
1661409,,107610,1,107610,1
1661419,,107610,1,107610,1
1661420,,107610,1,107610,1
1661414,,107610,1,107610,1
1661413,,107610,1,107610,1
1661431,,107610,1,107610,1
1661432,,107610,1,107610,1
1661434,,107610,1,107610,1
1661435,,107610,1,107610,1
1661436,,107610,1,107610,1
1661437,,107610,1,107610,1
1661386,,107610,1,107610,1
1661426,,107610,1,107610,1
1661412,,107610,1,107610,1
1661427,,107610,1,107610,1
1661421,,107610,1,107610,1
1661422,,107610,1,107610,1
1661424,,107610,1,107610,1
1661430,,107610,1,107610,1
1661429,,107610,1,107610,1
1661399,,107610,1,107610,1
1661391,,107610,1,107610,1
1661416,,107610,1,107610,1
1661396,,107610,1,107610,1
1661417,,107610,1,107610,1
1661406,,107610,1,107610,1
1661407,,107610,1,107610,1
1661418,,107610,1,107610,1
1661408,,107610,1,107610,1
1661423,,107610,1,107610,1
1661415,,107610,1,107610,1
1661395,,107610,1,107610,1
1661394,,107610,1,107610,1
1661400,,107610,1,107610,1
1661402,,107610,1,107610,1
1661403,,107610,1,107610,1
1661397,,107610,1,107610,1
1661428,,107610,1,107610,1
1661398,,107610,1,107610,1
1661433,,107610,1,107610,1
1661425,,107610,1,107610,1
1661388,,107610,1,107610,1
1661389,,107610,1,107610,1
1661390,,107610,1,107610,1
1661392,,107610,1,107610,1
1661393,,107610,1,107610,1
1661411,,107610,1,107610,1
1661410,,107610,1,107610,1
1661404,,107610,1,107610,1
1661405,,107610,1,107610,1
1661526,,107618,1,107618,0
1661527,,107618,1,107618,0
1661565,,107618,1,107618,0
1661502,,107618,1,107618,0
1661564,,107618,1,107618,0
1661563,,107618,1,107618,0
1661562,,107618,1,107618,0
1661521,,107618,1,107618,0
1661551,,107618,1,107618,0
1661491,,107618,1,107618,0
1661490,,107618,1,107618,0
1661492,,107618,1,107618,0
1661493,,107618,1,107618,0
1661494,,107618,1,107618,0
1661528,,107618,1,107618,0
1661566,,107618,1,107618,0
1661495,,107618,1,107618,0
1661517,,107618,1,107618,0
1661516,,107618,1,107618,0
1661515,,107618,1,107618,0
1661501,,107618,1,107618,0
1661559,,107618,1,107618,0
1661560,,107618,1,107618,0
1661561,,107618,1,107618,0
1661496,,107618,1,107618,0
1661550,,107618,1,107618,0
1661549,,107618,1,107618,0
1661548,,107618,1,107618,0
1661547,,107618,1,107618,0
1661546,,107618,1,107618,0
1661545,,107618,1,107618,0
1661544,,107618,1,107618,0
1661543,,107618,1,107618,0
1661542,,107618,1,107618,0
1661537,,107618,1,107618,0
1661536,,107618,1,107618,0
1661535,,107618,1,107618,0
1661534,,107618,1,107618,0
1661533,,107618,1,107618,0
1661532,,107618,1,107618,0
1661531,,107618,1,107618,0
1661530,,107618,1,107618,0
1661529,,107618,1,107618,0
1661489,,107618,1,107618,0
1661518,,107618,1,107618,0
1661519,,107618,1,107618,0
1661520,,107618,1,107618,0
1661500,,107618,1,107618,0
1661499,,107618,1,107618,0
1661498,,107618,1,107618,0
1661497,,107618,1,107618,0
1661572,,107618,1,107618,0
1661558,,107618,1,107618,0
1661557,,107618,1,107618,0
1661571,,107618,1,107618,0
1661570,,107618,1,107618,0
1661569,,107618,1,107618,0
1661567,,107618,1,107618,0
1661568,,107618,1,107618,0
1661541,,107618,1,107618,0
1661538,,107618,1,107618,0
1661540,,107618,1,107618,0
1661539,,107618,1,107618,0
1661514,,107618,1,107618,0
1661513,,107618,1,107618,0
1661512,,107618,1,107618,0
1661511,,107618,1,107618,0
1661510,,107618,1,107618,0
1661509,,107618,1,107618,0
1661508,,107618,1,107618,0
1661507,,107618,1,107618,0
1661506,,107618,1,107618,0
1661505,,107618,1,107618,0
1661504,,107618,1,107618,0
1661555,,107618,1,107618,0
1661556,,107618,1,107618,0
1661554,,107618,1,107618,0
1661553,,107618,1,107618,0
1661552,,107618,1,107618,0
1661522,,107618,1,107618,0
1661503,,107618,1,107618,0
1661524,,107618,1,107618,0
1661523,,107618,1,107618,0
1661525,,107618,1,107618,0
1661604,,107619,1,107619,1
1661603,,107619,1,107619,1
1661602,,107619,1,107619,1
1661601,,107619,1,107619,1
1661574,,107619,1,107619,1
1661657,,107619,1,107619,1
1661656,,107619,1,107619,1
1661655,,107619,1,107619,1
1661654,,107619,1,107619,1
1661653,,107619,1,107619,1
1661652,,107619,1,107619,1
1661651,,107619,1,107619,1
1661650,,107619,1,107619,1
1661649,,107619,1,107619,1
1661648,,107619,1,107619,1
1661647,,107619,1,107619,1
1661646,,107619,1,107619,1
1661645,,107619,1,107619,1
1661644,,107619,1,107619,1
1661643,,107619,1,107619,1
1661642,,107619,1,107619,1
1661641,,107619,1,107619,1
1661640,,107619,1,107619,1
1661639,,107619,1,107619,1
1661638,,107619,1,107619,1
1661637,,107619,1,107619,1
1661636,,107619,1,107619,1
1661635,,107619,1,107619,1
1661634,,107619,1,107619,1
1661633,,107619,1,107619,1
1661632,,107619,1,107619,1
1661631,,107619,1,107619,1
1661630,,107619,1,107619,1
1661629,,107619,1,107619,1
1661628,,107619,1,107619,1
1661627,,107619,1,107619,1
1661626,,107619,1,107619,1
1661625,,107619,1,107619,1
1661624,,107619,1,107619,1
1661623,,107619,1,107619,1
1661622,,107619,1,107619,1
1661621,,107619,1,107619,1
1661620,,107619,1,107619,1
1661619,,107619,1,107619,1
1661618,,107619,1,107619,1
1661617,,107619,1,107619,1
1661616,,107619,1,107619,1
1661615,,107619,1,107619,1
1661614,,107619,1,107619,1
1661613,,107619,1,107619,1
1661612,,107619,1,107619,1
1661611,,107619,1,107619,1
1661610,,107619,1,107619,1
1661609,,107619,1,107619,1
1661608,,107619,1,107619,1
1661607,,107619,1,107619,1
1661606,,107619,1,107619,1
1661605,,107619,1,107619,1
1661600,,107619,1,107619,1
1661599,,107619,1,107619,1
1661598,,107619,1,107619,1
1661597,,107619,1,107619,1
1661596,,107619,1,107619,1
1661595,,107619,1,107619,1
1661594,,107619,1,107619,1
1661593,,107619,1,107619,1
1661592,,107619,1,107619,1
1661591,,107619,1,107619,1
1661590,,107619,1,107619,1
1661589,,107619,1,107619,1
1661588,,107619,1,107619,1
1661587,,107619,1,107619,1
1661586,,107619,1,107619,1
1661585,,107619,1,107619,1
1661584,,107619,1,107619,1
1661583,,107619,1,107619,1
1661582,,107619,1,107619,1
1661581,,107619,1,107619,1
1661580,,107619,1,107619,1
1661579,,107619,1,107619,1
1661578,,107619,1,107619,1
1661577,,107619,1,107619,1
1661576,,107619,1,107619,1
1661575,,107619,1,107619,1
1661364,,107620,1,107620,0
1661363,,107620,1,107620,0
1661362,,107620,1,107620,0
1661367,,107620,1,107620,0
1661366,,107620,1,107620,0
1661365,,107620,1,107620,0
1661354,,107621,1,107621,1
1661358,,107621,1,107621,1
1661357,,107621,1,107621,1
1661356,,107621,1,107621,1
1661355,,107621,1,107621,1
1661352,,107621,1,107621,1
1825851,,107627,1,107627,0
1825875,,107627,1,107627,0
1825876,,107627,1,107627,0
1825877,,107627,1,107627,0
1825878,,107627,1,107627,0
1825879,,107627,1,107627,0
1825880,,107627,1,107627,0
1825881,,107627,1,107627,0
1825882,,107627,1,107627,0
1825883,,107627,1,107627,0
1825884,,107627,1,107627,0
1825885,,107627,1,107627,0
1825886,,107627,1,107627,0
1825887,,107627,1,107627,0
1825852,,107627,1,107627,0
1825899,,107627,1,107627,0
1825898,,107627,1,107627,0
1825897,,107627,1,107627,0
1825896,,107627,1,107627,0
1825895,,107627,1,107627,0
1825894,,107627,1,107627,0
1825893,,107627,1,107627,0
1825892,,107627,1,107627,0
1825891,,107627,1,107627,0
1825890,,107627,1,107627,0
1825889,,107627,1,107627,0
1825853,,107627,1,107627,0
1825854,,107627,1,107627,0
1825855,,107627,1,107627,0
1825856,,107627,1,107627,0
1825857,,107627,1,107627,0
1825858,,107627,1,107627,0
1825859,,107627,1,107627,0
1825860,,107627,1,107627,0
1825861,,107627,1,107627,0
1825862,,107627,1,107627,0
1825863,,107627,1,107627,0
1825865,,107627,1,107627,0
1825864,,107627,1,107627,0
1825866,,107627,1,107627,0
1825867,,107627,1,107627,0
1825868,,107627,1,107627,0
1825869,,107627,1,107627,0
1825870,,107627,1,107627,0
1825871,,107627,1,107627,0
1825872,,107627,1,107627,0
1825873,,107627,1,107627,0
1825874,,107627,1,107627,0
1825903,,107627,1,107627,0
1825902,,107627,1,107627,0
1825900,,107627,1,107627,0
1825901,,107627,1,107627,0
1825845,,107627,1,107627,0
1825844,,107627,1,107627,0
1825843,,107627,1,107627,0
1825888,,107627,1,107627,0
1825842,,107627,1,107627,0
1825841,,107627,1,107627,0
1825840,,107627,1,107627,0
1825839,,107627,1,107627,0
1825838,,107627,1,107627,0
1825837,,107627,1,107627,0
1825836,,107627,1,107627,0
1825846,,107627,1,107627,0
1825847,,107627,1,107627,0
1825848,,107627,1,107627,0
1825849,,107627,1,107627,0
1825850,,107627,1,107627,0
1825831,,107690,1,107690,1
1825822,,107690,1,107690,1
1825821,,107690,1,107690,1
1825820,,107690,1,107690,1
1825819,,107690,1,107690,1
1825818,,107690,1,107690,1
1825817,,107690,1,107690,1
1825816,,107690,1,107690,1
1825815,,107690,1,107690,1
1825796,,107690,1,107690,1
1825797,,107690,1,107690,1
1825798,,107690,1,107690,1
1825799,,107690,1,107690,1
1825800,,107690,1,107690,1
1825801,,107690,1,107690,1
1825802,,107690,1,107690,1
1825803,,107690,1,107690,1
1825804,,107690,1,107690,1
1825805,,107690,1,107690,1
1825806,,107690,1,107690,1
1825807,,107690,1,107690,1
1825808,,107690,1,107690,1
1825809,,107690,1,107690,1
1825810,,107690,1,107690,1
1825811,,107690,1,107690,1
1825812,,107690,1,107690,1
1825813,,107690,1,107690,1
1825814,,107690,1,107690,1
1825795,,107690,1,107690,1
1825794,,107690,1,107690,1
1825793,,107690,1,107690,1
1825792,,107690,1,107690,1
1825791,,107690,1,107690,1
1825790,,107690,1,107690,1
1825789,,107690,1,107690,1
1825788,,107690,1,107690,1
1825787,,107690,1,107690,1
1825786,,107690,1,107690,1
1825785,,107690,1,107690,1
1825784,,107690,1,107690,1
1825783,,107690,1,107690,1
1825782,,107690,1,107690,1
1825781,,107690,1,107690,1
1825780,,107690,1,107690,1
1825779,,107690,1,107690,1
1825778,,107690,1,107690,1
1825777,,107690,1,107690,1
1825776,,107690,1,107690,1
1825775,,107690,1,107690,1
1825774,,107690,1,107690,1
1825773,,107690,1,107690,1
1825772,,107690,1,107690,1
1825771,,107690,1,107690,1
1825770,,107690,1,107690,1
1825769,,107690,1,107690,1
1825768,,107690,1,107690,1
1825767,,107690,1,107690,1
1825823,,107690,1,107690,1
1825824,,107690,1,107690,1
1825825,,107690,1,107690,1
1825826,,107690,1,107690,1
1825827,,107690,1,107690,1
1825828,,107690,1,107690,1
1825829,,107690,1,107690,1
1825830,,107690,1,107690,1
1825833,,107690,1,107690,1
1825832,,107690,1,107690,1
1825834,,107690,1,107690,1
1660635,,107691,1,107691,0
1660634,,107691,1,107691,0
1660633,,107691,1,107691,0
1660632,,107691,1,107691,0
1660631,,107691,1,107691,0
1660630,,107691,1,107691,0
1660629,,107691,1,107691,0
1660628,,107691,1,107691,0
1660627,,107691,1,107691,0
1660614,,107691,1,107691,0
1660651,,107691,1,107691,0
1660650,,107691,1,107691,0
1660649,,107691,1,107691,0
1660648,,107691,1,107691,0
1660647,,107691,1,107691,0
1660646,,107691,1,107691,0
1660645,,107691,1,107691,0
1660644,,107691,1,107691,0
1660643,,107691,1,107691,0
1660642,,107691,1,107691,0
1660641,,107691,1,107691,0
1660640,,107691,1,107691,0
1660639,,107691,1,107691,0
1660638,,107691,1,107691,0
1660637,,107691,1,107691,0
1660636,,107691,1,107691,0
1660626,,107691,1,107691,0
1660625,,107691,1,107691,0
1660624,,107691,1,107691,0
1660623,,107691,1,107691,0
1660622,,107691,1,107691,0
1660621,,107691,1,107691,0
1660620,,107691,1,107691,0
1660619,,107691,1,107691,0
1660618,,107691,1,107691,0
1660617,,107691,1,107691,0
1660616,,107691,1,107691,0
1660615,,107691,1,107691,0
1660577,,107692,1,107692,1
1660578,,107692,1,107692,1
1660579,,107692,1,107692,1
1660580,,107692,1,107692,1
1660581,,107692,1,107692,1
1660582,,107692,1,107692,1
1660583,,107692,1,107692,1
1660584,,107692,1,107692,1
1660585,,107692,1,107692,1
1660586,,107692,1,107692,1
1660587,,107692,1,107692,1
1660588,,107692,1,107692,1
1660589,,107692,1,107692,1
1660590,,107692,1,107692,1
1660591,,107692,1,107692,1
1660592,,107692,1,107692,1
1660593,,107692,1,107692,1
1660594,,107692,1,107692,1
1660595,,107692,1,107692,1
1660596,,107692,1,107692,1
1660597,,107692,1,107692,1
1660598,,107692,1,107692,1
1660599,,107692,1,107692,1
1660600,,107692,1,107692,1
1660601,,107692,1,107692,1
1660602,,107692,1,107692,1
1660603,,107692,1,107692,1
1660604,,107692,1,107692,1
1660605,,107692,1,107692,1
1660606,,107692,1,107692,1
1660607,,107692,1,107692,1
1660608,,107692,1,107692,1
1660609,,107692,1,107692,1
1660610,,107692,1,107692,1
1660611,,107692,1,107692,1
1660612,,107692,1,107692,1
1660575,,107692,1,107692,1
1660576,,107692,1,107692,1
1660859,,107693,1,107693,0
1660857,,107693,1,107693,0
1660856,,107693,1,107693,0
1660855,,107693,1,107693,0
1660916,,107693,1,107693,0
1660915,,107693,1,107693,0
1660914,,107693,1,107693,0
1660913,,107693,1,107693,0
1660912,,107693,1,107693,0
1660911,,107693,1,107693,0
1660910,,107693,1,107693,0
1660909,,107693,1,107693,0
1660908,,107693,1,107693,0
1660906,,107693,1,107693,0
1660907,,107693,1,107693,0
1660905,,107693,1,107693,0
1660904,,107693,1,107693,0
1660903,,107693,1,107693,0
1660902,,107693,1,107693,0
1660901,,107693,1,107693,0
1660900,,107693,1,107693,0
1660899,,107693,1,107693,0
1660898,,107693,1,107693,0
1660896,,107693,1,107693,0
1660897,,107693,1,107693,0
1660895,,107693,1,107693,0
1660894,,107693,1,107693,0
1660893,,107693,1,107693,0
1660892,,107693,1,107693,0
1660891,,107693,1,107693,0
1660890,,107693,1,107693,0
1660889,,107693,1,107693,0
1660888,,107693,1,107693,0
1660887,,107693,1,107693,0
1660886,,107693,1,107693,0
1660885,,107693,1,107693,0
1660884,,107693,1,107693,0
1660882,,107693,1,107693,0
1660883,,107693,1,107693,0
1660881,,107693,1,107693,0
1660880,,107693,1,107693,0
1660879,,107693,1,107693,0
1660878,,107693,1,107693,0
1660877,,107693,1,107693,0
1660876,,107693,1,107693,0
1660875,,107693,1,107693,0
1660874,,107693,1,107693,0
1660873,,107693,1,107693,0
1660872,,107693,1,107693,0
1660871,,107693,1,107693,0
1660870,,107693,1,107693,0
1660868,,107693,1,107693,0
1660869,,107693,1,107693,0
1660867,,107693,1,107693,0
1660866,,107693,1,107693,0
1660865,,107693,1,107693,0
1660864,,107693,1,107693,0
1660863,,107693,1,107693,0
1660862,,107693,1,107693,0
1660861,,107693,1,107693,0
1660860,,107693,1,107693,0
1660858,,107693,1,107693,0
1661029,,107694,1,107694,1
1660979,,107694,1,107694,1
1660980,,107694,1,107694,1
1660981,,107694,1,107694,1
1660982,,107694,1,107694,1
1660983,,107694,1,107694,1
1661013,,107694,1,107694,1
1660985,,107694,1,107694,1
1660986,,107694,1,107694,1
1660993,,107694,1,107694,1
1660994,,107694,1,107694,1
1660995,,107694,1,107694,1
1660996,,107694,1,107694,1
1660997,,107694,1,107694,1
1660998,,107694,1,107694,1
1660999,,107694,1,107694,1
1661000,,107694,1,107694,1
1661001,,107694,1,107694,1
1661002,,107694,1,107694,1
1660987,,107694,1,107694,1
1661004,,107694,1,107694,1
1661005,,107694,1,107694,1
1661006,,107694,1,107694,1
1661007,,107694,1,107694,1
1661008,,107694,1,107694,1
1661009,,107694,1,107694,1
1661010,,107694,1,107694,1
1661011,,107694,1,107694,1
1661012,,107694,1,107694,1
1660978,,107694,1,107694,1
1661014,,107694,1,107694,1
1661015,,107694,1,107694,1
1661016,,107694,1,107694,1
1661017,,107694,1,107694,1
1661018,,107694,1,107694,1
1661019,,107694,1,107694,1
1661020,,107694,1,107694,1
1661021,,107694,1,107694,1
1661022,,107694,1,107694,1
1661023,,107694,1,107694,1
1660977,,107694,1,107694,1
1660976,,107694,1,107694,1
1661003,,107694,1,107694,1
1660974,,107694,1,107694,1
1660973,,107694,1,107694,1
1660972,,107694,1,107694,1
1661024,,107694,1,107694,1
1661025,,107694,1,107694,1
1661026,,107694,1,107694,1
1661027,,107694,1,107694,1
1661028,,107694,1,107694,1
1660984,,107694,1,107694,1
1661030,,107694,1,107694,1
1661031,,107694,1,107694,1
1660971,,107694,1,107694,1
1660992,,107694,1,107694,1
1660991,,107694,1,107694,1
1660990,,107694,1,107694,1
1660989,,107694,1,107694,1
1660988,,107694,1,107694,1
1660975,,107694,1,107694,1
1661084,,107695,1,107695,0
1661085,,107695,1,107695,0
1661086,,107695,1,107695,0
1661087,,107695,1,107695,0
1661088,,107695,1,107695,0
1661089,,107695,1,107695,0
1661090,,107695,1,107695,0
1661091,,107695,1,107695,0
1661092,,107695,1,107695,0
1661093,,107695,1,107695,0
1661094,,107695,1,107695,0
1661095,,107695,1,107695,0
1661096,,107695,1,107695,0
1661097,,107695,1,107695,0
1661098,,107695,1,107695,0
1661099,,107695,1,107695,0
1661100,,107695,1,107695,0
1661101,,107695,1,107695,0
1661102,,107695,1,107695,0
1661103,,107695,1,107695,0
1661104,,107695,1,107695,0
1661105,,107695,1,107695,0
1661106,,107695,1,107695,0
1661107,,107695,1,107695,0
1661108,,107695,1,107695,0
1661109,,107695,1,107695,0
1661110,,107695,1,107695,0
1661111,,107695,1,107695,0
1661112,,107695,1,107695,0
1661113,,107695,1,107695,0
1661114,,107695,1,107695,0
1661115,,107695,1,107695,0
1661116,,107695,1,107695,0
1661117,,107695,1,107695,0
1661118,,107695,1,107695,0
1661119,,107695,1,107695,0
1661121,,107696,1,107696,1
1661122,,107696,1,107696,1
1661123,,107696,1,107696,1
1661124,,107696,1,107696,1
1661125,,107696,1,107696,1
1661126,,107696,1,107696,1
1661127,,107696,1,107696,1
1661128,,107696,1,107696,1
1661129,,107696,1,107696,1
1661130,,107696,1,107696,1
1661131,,107696,1,107696,1
1661132,,107696,1,107696,1
1661133,,107696,1,107696,1
1661134,,107696,1,107696,1
1661135,,107696,1,107696,1
1661136,,107696,1,107696,1
1661137,,107696,1,107696,1
1661138,,107696,1,107696,1
1661139,,107696,1,107696,1
1661140,,107696,1,107696,1
1661141,,107696,1,107696,1
1661142,,107696,1,107696,1
1661143,,107696,1,107696,1
1661144,,107696,1,107696,1
1661145,,107696,1,107696,1
1661146,,107696,1,107696,1
1661147,,107696,1,107696,1
1661148,,107696,1,107696,1
1661149,,107696,1,107696,1
1661150,,107696,1,107696,1
1661151,,107696,1,107696,1
1661152,,107696,1,107696,1
1661153,,107696,1,107696,1
1661154,,107696,1,107696,1
1661155,,107696,1,107696,1
1661120,,107696,1,107696,1
